-124.952153110048 -10.75
-70.3259259259259 -16.5
-89.7232824427481 -10
-97.8437754271766 -10.75
-48.6663502610347 -20
-89.8095238095238 -10
-70.3259259259259 -16.5
-71.0443275732532 -16.5
-129.930875576037 -12.25
-70.0812407680945 -16.5
-70.9917971662938 -16.5
-70.3340757238307 -16.5
-124.25799086758 -6.75
-124.18472063854 -11.5
-123.995433789954 -6.75
-123.778280542986 -11.5
-124.274285714286 -6.75
-122.540415704388 -11.75
-132.668213457077 -9
-77.3977433004231 -15
-124.952153110048 -10.75
-129.294797687861 -12.25
-133.364161849711 -9.5
-13.0252412769117 -17
-70.2077151335312 -16.5
-77.5017692852088 -15
-124.217142857143 -6.5
-106.742671009772 -10.75
-133.364161849711 -9.25
-77.4273564847626 -15
-132.867052023121 -9.5
-77.4609929078014 -15
-124.068571428571 -6.75
-123.169897377423 -11.5
-124.116972477064 -6.5
-124.244851258581 -1.25
-124.141876430206 -1.25
-133.290993071594 -9.5
-128.441273326015 -9.25
-109.920724801812 -8
-136.413145539906 -0.25
-100.525557955364 -8
-51.7035175879397 -19.75
-119.295942720764 -6
-80 -18
-89.7608503100089 -14.5
-47.457898957498 -17.25
-50.8703071672355 -20.5
-119.034334763948 -11.5
-67.8944174757281 -17.25
-50.0547263681592 -20.5
-106.301218161683 -11
-90.1968134957826 -13.5
-89.3081761006289 -16.5
-104.60511679644 -10.25
-86.446511627907 -16
-48.2571075401731 -31.5
-114.444444444444 -2.25
-105.976744186047 -8
-92.7744165946413 -12
-106.872964169381 -10.75
-107.890792291221 -16.75
-16.3497942386831 -22.75
-44.3171188026193 -16.25
-68.784140969163 -19
-132.096774193548 -9
-124.370709382151 -6.75
-74.044630404463 -15
-22.4028889322663 -19.75
-34.2960893854749 -21.25
-72.5053229240596 -15.5
-97.0964912280702 -12.5
-112.025862068966 -11.5
-55.7401812688822 -17.5
-50.0114155251142 -18
-21.5408805031447 -21.25
-24.2659145850121 -18.5
-104.571140262361 -10.5
-103.618421052632 -4
-42.2745548535325 -18.75
-60.4748338081671 -16.75
-77.9153094462541 -16.75
-56.9230769230769 -20.5
-121.539313399779 -7
-70.3851851851852 -16
-104.829857299671 -8
-10.476262473541 -17.5
-89.3237082066869 -13.75
-122.218683651805 -0.5
-54.5955882352941 -15.5
-87.1818181818182 -10
-47.1817058096415 -16.5
-81.3473053892216 -14.75
-45.6020066889632 -16.5
-15.5495932144712 -20
-24.7507842453817 -30.25
-87.6992481203008 -10.75
-108.058035714286 -9
-102.98277425204 -12
-32.0349278663629 -18
-41.693657219973 -26
-127.904689863843 -1.75
-124.132553606238 -5.5
-101.820728291317 -12.75
-82.2273567467653 -14.25
-15.0867507886435 -17.5
-123.961038961039 -9.25
-123.756805807622 -7.5
-124.010152284264 -7.5
-94.0100882723834 -11
-125.313620071685 -0.5
-114.530026109661 -2.75
-112.332268370607 -16.75
-143.444034440344 -7.25
-53.3707865168539 -17
-91.8621307072516 -14.75
-33.7858880778589 -16.5
-97.993288590604 -11.75
-97.6034858387799 -7.75
-70.14064697609 -24.5
-82.5536992840096 -14.25
-54.124613800206 -18
-26.5943842090631 -18.5
-100.867237687366 -10.75
-71.0847701149425 -17
-114.315789473684 -11
-124.592952612394 -2.75
-93.1144211238998 -10.75
-32.2024729520866 -20
-84.6744345442084 -13.75
-123.270202020202 -11.25
-45.6752062527139 -28.75
-67.5284552845528 -16.5
-37.2231350640815 -23
-88.7468247248095 -16.25
-88.6589297227595 -8.25
-112.552552552553 -6.25
-70.2160953800298 -16
-111.402684563758 -3
-51.9774011299435 -16.75
-87.2422680412371 -13
-99.0129081245254 -8.5
-105.302445302445 -2.25
-35.4942965779468 -17.5
-116.809338521401 -0.25
-94.945945945946 -14.75
-113.111814345992 -8.5
-83.2345013477089 -16
-63.1147540983607 -22
-111.624850657109 -8
-53.080229226361 -16.75
-84.109926168991 -16.75
-72.1343873517787 -16
-78.4222919937206 -15
-123.945267958951 -6.75
-81.4692787177204 -16.75
-121.110065851364 -8
-50.3968253968254 -15.25
-64.7896213183731 -18.25
-106.732161323681 -10.25
-109.037900874636 -14.5
-102.322713257965 -2
-82.241935483871 -14.5
-77.7466863033873 -18.25
-124.721485411141 -0.5
-70.1412180052957 -17
-100.047214353163 -15.75
-80.0509461426492 -14
-82.9676511954993 -18
-88.8038698328936 -15
-111.109589041096 -2.5
-131.679819616685 -7.25
-98.4593023255814 -12
-130.587371512482 -11
-89.6685082872928 -8.75
-89.2176870748299 -8.5
-87.6341948310139 -13
-120.446685878963 -1
-116.883604505632 -10.25
-70.0812407680945 -16.5
-36.468085106383 -18
-70.3206562266965 -16.5
-20.3960690887433 -35
-112.547923322684 -1.25
-58.2394868139701 -20
-87.3163507109005 -16.75
-102.648083623693 -15.5
-89.990328820116 -13.75
-109.911504424779 -8
-71.117279666898 -15.25
-82.0146222583266 -14.5
-107.988700564972 -11.75
-132.35838150289 -9
-97.3346116970278 -10
-107.110352673493 -4
-72.1608040201005 -17.75
-68.5805991440799 -15
-104.100917431193 -17.5
-115.071488645921 -0.5
-77.8286461739699 -17
-47.6201550387597 -25.25
-90.7553707553708 -13.25
-114.954648526077 -9
-70.3277494537509 -16.25
-102.626373626374 -6
-123.501070663812 -6
-97.3727272727273 -11.25
-102.895256916996 -16.5
-86.854764107308 -15.5
-106.883198001249 -1
-84.7186796699175 -15
-86.9852302345786 -14
-32.2100591715976 -18.5
-122.611717974181 -8.5
-93.8843813387424 -16
-42.5634517766497 -18.5
-114.610951008646 -10.75
-103.931623931624 -11.75
-75.8509737510584 -16.75
-74.392523364486 -12.25
-92.8498467824311 -14.5
-62.1594289113623 -19.25
-106.170921198668 -6
-106.624203821656 -12.5
-68.3437283437283 -19.75
-95.3225806451613 -12
-98.7746170678337 -16.75
-102.232905982906 -13.25
-115.505397448479 -8.25
-104.002057613169 -9.75
-60.5630630630631 -16.25
-101.696335078534 -12
-52.5700365408039 -18
-94.7778643803585 -16.25
-112.40192153723 -0.25
-87.0709570957096 -14.75
-82.6991441737985 -20
-63.6578449905482 -17.5
-33.7883531621791 -22.5
-88.122096881221 -10.75
-106.294227188082 -13
-56.4624676445211 -19
-67.5248281130634 -18
-72.5760135135135 -16.5
-78.3414161008729 -15.75
-102.412155745489 -16.25
-122.539682539683 -13
-81.528013582343 -22.75
-46.8236765318883 -19.25
-120.990443092963 -6.5
-34.534967555876 -17
-85.3439153439153 -14.5
-80.0375093773443 -14
-76.1486988847584 -15.25
-24.9328214971209 -16.5
-111.280432822362 -8
-126.169154228856 -10.75
-117.050438596491 -7.25
-91.25 -14.25
-93.2401746724891 -16.25
-45.2719333068678 -16.5
-117.826887661142 -7
-109.197651663405 -8.75
-130.679851668727 -10.75
-15.7462323772484 -17
-121.277292576419 -10
-85.3538175046555 -11.5
-93.6284584980237 -11.75
-131.540740740741 -13
-121.988130563798 -7.5
-92.7745098039216 -11.25
-123.005050505051 -11.75
-110.663615560641 -11.75
-121.615289765721 -12
-125.051867219917 -8.5
-122.255489021956 -8.5
-131.447721179625 -12
-88.2559025133283 -13.5
-102.855711422846 -11.75
-102.924050632911 -13
-112.575928008999 -10
-40.6748650269946 -20.5
-59.9674479166667 -19.75
-88.955223880597 -13.5
-124.835526315789 -1.25
-48.2776540460282 -17.25
-94.1442542787286 -8.25
-28.2049036777583 -29.5
-86.6808510638298 -11.25
-35.1347229283172 -17.75
-70.9416058394161 -16.25
-66.1764705882353 -17.25
-80.5998588567396 -14.5
-120.401459854015 -11.25
-80.9905020352782 -14.75
-92.2656826568266 -13.25
-98.1887755102041 -15.75
-108.613963039014 -15.25
-71.1380281690141 -15
-45.7608695652174 -23
-91.4271151885831 -12
-57.7903682719547 -17.75
-102.651036970243 -18
-118.492822966507 -7.75
-96.8805704099822 -12.75
-84.0957446808511 -16.25
-83.9148494288681 -17.5
-20.806 -22.75
-135 -9
-78.7585266030014 -21.25
-61.6053511705686 -16
-79.0118152524168 -17.25
-106.643192488263 -9
-126.56103286385 -10.5
-99.8609625668449 -14.75
-96.4628820960699 -13
-65.3399014778325 -18
-69.8783783783784 -16.5
-75.0332326283988 -15
-66.4794007490637 -15
-98.4816247582205 -13
-74.6684118673648 -17
-75.1984126984127 -15.25
-114.186507936508 -4.75
-97.8787878787879 -14.5
-92.4932249322493 -13.75
-117.710144927536 -8.5
-122.232451093211 -10.25
-91.0104861773117 -16
-79.6650326797386 -15.5
-106.090573012939 -10
-51.9312714776632 -23
-112.153191489362 -9
-109.756637168142 -5.5
-58.8704318936877 -25.5
-90.2312138728324 -11.75
-116.944990176817 -8.25
-118.191666666667 -13
-44.549795361528 -22
-108.961318051576 -0
-88.3477425552353 -12.25
-23.0285564579513 -20.5
-119.830097087379 -11
-106.79033649698 -8
-96.8089430894309 -11.25
-57.1316964285714 -18.25
-28.3475540386803 -17.25
-106.0481444333 -13
-117.287933094385 -9.75
-108.915187376726 -10.25
-66.4569160997732 -19.75
-92.4170124481328 -17.25
-109.240265906933 -17.75
-53.4468283582089 -31.25
-94.5358401880141 -13.5
-113.690369036904 -8.25
-111.675170068027 -7.5
-79.2091254752852 -15.25
-43.1604278074866 -19.75
-116.738882554162 -11
-88.9556650246305 -13.5
-133.414634146341 -7.75
-119.30126002291 -9.5
-106.175514626219 -14.5
-108.851931330472 -11.75
-85.710928319624 -13.75
-134.149184149184 -8
-101.404140414041 -10.25
-155.089903181189 -4.5
-103.702644746247 -4.5
-129.79525862069 -7
-51.7035175879397 -19.75
