-50.1928087545597 -4.5
-0 -0
-0 -0
-0 -0
-0 -0
-0 -0
-0 -0
-0 -0
-0 -0
-0 -0
-0 -0
-0 -0
-0 -0
-0 -0
-0 -0
-0 -0
-0 -0
-124.952153110048 -10.75
-46.443390634262 -2
-0 -0
-0 -0
-0 -0
-70.3259259259259 -16.5
-0 -0
-0 -0
-50.1508060322413 -0.5
-76.3097398669087 -2.75
-0 -0
-0 -0
-0 -0
-0 -0
-0 -0
-0 -0
-0 -0
-0 -0
-0 -0
-0 -0
-0 -0
-0 -0
-0 -0
-0 -0
-0 -0
-0 -0
-0 -0
-0 -0
-0 -0
-0 -0
-0 -0
-0 -0
-0 -0
-0 -0
-0 -0
-0 -0
-0 -0
-0 -0
-0 -0
-0 -0
-0 -0
-0 -0
-0 -0
-0 -0
-0 -0
-0 -0
-0 -0
-0 -0
-0 -0
-0 -0
-0 -0
-0 -0
-0 -0
-0 -0
-0 -0
-0 -0
-0 -0
-0 -0
-0 -0
-0 -0
-0 -0
-0 -0
-0 -0
-0 -0
-0 -0
-0 -0
-0 -0
-0 -0
-0 -0
-89.7232824427481 -10
-97.8437754271766 -10.75
-74.2632850241546 -2.5
-50.2921231090245 -0.75
-45.437645236251 -10.25
-0 -0
-55.9563203176704 -5
-48.6663502610347 -20
-65.2730475631239 -8
-49.9305555555556 -0.25
-74.1265060240964 -3
-54.9354838709677 -5
-55.1165803108808 -5
-43.1324110671937 -8.75
-43.0825958702065 -9.75
-0 -0
-45.6113681427627 -11
-64.555940023068 -14.25
-64.5913978494624 -13.5
-79.7628156082632 -4.5
-65.2406103286385 -8
-48.7299270072993 -13.25
-10.3690851735016 -9.75
-51.9864750633981 -2
-56.3769077637691 -5
-54.4580322401334 -5.75
-0 -0
-0 -0
-65.2557319223986 -8
-10.332878294655 -9.75
-51.9721283783784 -8.5
-42.6888667992048 -9
-75.9926244622004 -3
-75.027397260274 -4
-69.3187157400157 -4
-54.7591522157996 -5
-48.7299270072993 -13.25
-64.5905420991926 -14.25
-56.3798808735936 -5
-54.3161094224924 -4
-89.8095238095238 -10
-45.60697518444 -0
-10.348545111995 -9.75
-75.4156769596199 -5.5
-46.5652951699463 -4.25
-75.4739336492891 -4
-0 -0
-48.6875291919664 -2.5
-0 -0
-70.3259259259259 -16.5
-48.6630776132795 -2
-0 -0
-8.93320039880359 -10.25
-8.83996056523168 -8.75
-9.11970260223048 -12
-74.633555420957 -3.25
-8.43175463865119 -3.75
-11.0713404097754 -12.5
-65.1116333725029 -8
-64.4521337946943 -14.25
-64.5381310418904 -13.5
-71.0443275732532 -16.5
-48.6856875584659 -2.5
-46.5652951699463 -2
-9.22559425923157 -11.75
-8.50205830462909 -3.5
-76.0639606396064 -3
-44.9321266968326 -10
-0 -0
-56.3335539377895 -5
-8.49903027236698 -3.75
-42.5525525525525 -9
-129.930875576037 -12.25
-8.46767351094519 -4
-9.0488627707041 -8.5
-0 -0
-70.0812407680945 -16.5
-70.9917971662938 -16.5
-67.8330019880716 -4.5
-50.2921231090245 -0.75
-11.0399406454804 -12.5
-38.9968321013728 -0.25
-9.01153521523024 -6.25
-45.4982551376503 -10.25
-11.1108293177783 -11.5
-44.1975308641975 -13.75
-69.3375394321767 -4.75
-49.8809523809524 -4
-10.8276363636364 -15.25
-11.109243697479 -11.75
-9.0457676071984 -8.75
-45.4475009686168 -10.25
-42.7463731865933 -9
-46.789755807028 -2
-64.6612623045744 -14.25
-11.1948387096774 -11.75
-64.5905420991926 -14.25
-9.10353254832259 -8.75
-69.2952231793265 -4.5
-69.3380062305296 -3
-64.5244956772334 -14.25
-54.6388888888889 -4.5
-9.00778392572447 -6.25
-10.8544395924309 -15
-74.4652567975831 -3.25
-65.7414887478361 -14
-9.2311681576559 -10.25
-70.3340757238307 -16.5
-0 -0
-124.25799086758 -6.75
-11.1598503418914 -11.75
-0 -0
-124.18472063854 -11.5
-123.995433789954 -6.75
-11.7141893031888 -15.25
-76.3097398669087 -2.75
-10.3702145561632 -9.75
-123.778280542986 -11.5
-124.274285714286 -6.75
-50.218818380744 -1
-48.6875291919664 -2.5
-0 -0
-45.4448160535117 -12
-11.2051087506323 -12.75
-9.01153521523024 -6.25
-122.540415704388 -11.75
-42.6976976976977 -9
-11.7179253867152 -15.25
-132.668213457077 -9
-65.3172737955347 -8
-77.3977433004231 -15
-9.04888593282341 -8.75
-8.49571644548967 -3.5
-64.5346960731576 -2
-76.0639606396064 -3
-11.1486998232769 -12.75
-51.918505942275 -2
-9.04222222222222 -8.75
-124.952153110048 -10.75
-77.966991747937 -11.75
-9.04344934604301 -8.75
-9.08085471920971 -8.25
-11.0816150141993 -12.5
-11.1541941320925 -11.75
-11.1474164133739 -12.75
-38.9973614775726 -0.25
-11.1640211640212 -11.75
-9.03965420033828 -6.25
-11.8082391542107 -15.25
-66.2922002328289 -14
-69.8707692307692 -14
-51.9864750633981 -2
-69.8707692307692 -14
-9.05805623864001 -8.25
-42.7463731865933 -9
-70 -5.75
-129.294797687861 -12.25
-0 -0
-9.0691223787862 -8.75
-76.7422680412371 -14.75
-65.3027630805409 -8
-8.50205830462909 -3.5
-64.6202898550725 -14.25
-38.9968321013728 -0.25
-39.0179514255544 -4.75
-45.4947613504075 -10.25
-133.364161849711 -9.5
-8.51571692721466 -3.5
-11.6991440539064 -15.25
-11.1355867831371 -12.75
-64.5913978494624 -13.5
-64.4899135446686 -14.25
-64.5302593659942 -14.25
-0 -0
-75.4156769596199 -5.5
-13.0252412769117 -17
-56.7408810990052 -3
-42.6888667992048 -9
-64.4982698961938 -14.25
-11.1744966442953 -11.75
-75.027397260274 -4
-76.7422680412371 -14.75
-70.2077151335312 -16.5
-77.5017692852088 -15
-12.9400164338537 -15
-124.217142857143 -6.5
-11.1964082458581 -12.75
-75.5564263322884 -5.25
-67.4471086036671 -3
-42.794846382557 -8.75
-8.91656288916563 -10.25
-44.2845495311863 -3
-65.2878965922444 -8
-11.6784869976359 -14.75
-75.2190923317684 -5.5
-11.1533123028391 -12.75
-79.7402597402597 -4.5
-58.1085618354785 -10.75
-44.3349358974359 -3.75
-66.371578334304 -14
-12.9268693508628 -15.25
-51.0622090562844 -0.5
-44.3097238895558 -4
-56.6382978723404 -13
-77.0434183321847 -4.5
-11.7807720320466 -15.25
-44.3875100080064 -4
-106.742671009772 -10.75
-11.1571609632446 -12.75
-8.5505173719189 -3.5
-75.4460093896714 -4.5
-47.595396729255 -2
-76.7422680412371 -14.75
-0 -0
-50.5323868677906 -10
-9.0550408719346 -8.5
-46.3646595385481 -8.75
-65.8357432041643 -14
-65.4505734571272 -13.5
-44.3429487179487 -13.75
-11.1330798479087 -12.75
-76.0984615384615 -3
-48.7299270072993 -13.25
-133.364161849711 -9.25
-75.6464174454829 -4
-49.8809523809524 -4
-77.4273564847626 -15
-11.0282457879088 -12.5
-64.6086956521739 -14.25
-45.8322324966975 -11
-12.9373970345964 -15
-11.1647655259823 -12.75
-132.867052023121 -9.5
-77.4609929078014 -15
-9.04808635917566 -8.5
-0 -0
-76.0984615384615 -3
-39.1129883843717 -4.75
-9.06635545181727 -8.75
-75.4502740798747 -4
-0 -0
-51.7778716216216 -2
-65.5131004366812 -1.25
-124.068571428571 -6.75
-75.4737666405638 -5.25
-47.5983061101028 -4.5
-42.7563781890945 -9
-75.5764705882353 -5.25
-62.6198292843073 -4
-9.16139036051169 -10.5
-46.3350196739741 -7.25
-65.8174465626805 -14
-75.4351265822785 -4
-45.7682119205298 -11.25
-54.7435897435897 -5
-48.6991109031352 -3.5
-123.169897377423 -11.5
-11.7153469525578 -15.25
-8.47564038171773 -3.5
-65.4626675175495 -3.25
-75.4502369668246 -5.5
-12.9452392698569 -15
-11.2568098314963 -12.5
-44.3822471011595 -13.75
-39.0047518479409 -2.75
-48.6856875584659 -2.5
-44.2816326530612 -3
-124.116972477064 -6.5
-9.14047370773127 -11.75
-124.244851258581 -1.25
-11.2051087506323 -12.75
-75.5450980392157 -5.25
-44.3782487005198 -4
-0 -0
-11.158134820071 -12.75
-44.3950320512821 -13.75
-124.141876430206 -1.25
-44.3985565356856 -7.75
-9.03387007218212 -8.75
-8.60180575478863 -3.5
-133.290993071594 -9.5
-128.441273326015 -9.25
-44.3002855977152 -3
-39.0129321720771 -0.25
-11.8147069530397 -15.25
-11.7954794021145 -15.25
-124.952153110048 -10.75
-70.3259259259259 -16.5
-76.3097398669087 -2.75
-89.7232824427481 -10
-97.8437754271766 -10.75
-45.437645236251 -10.25
-48.6663502610347 -20
-65.2730475631239 -8
-64.555940023068 -14.25
-64.5913978494624 -13.5
-79.7628156082632 -4.5
-65.2406103286385 -8
-48.7299270072993 -13.25
-54.4580322401334 -5.75
-65.2557319223986 -8
-51.9721283783784 -8.5
-75.9926244622004 -3
-48.7299270072993 -13.25
-64.5905420991926 -14.25
-89.8095238095238 -10
-75.4156769596199 -5.5
-75.4739336492891 -4
-70.3259259259259 -16.5
-74.633555420957 -3.25
-65.1116333725029 -8
-64.4521337946943 -14.25
-64.5381310418904 -13.5
-71.0443275732532 -16.5
-76.0639606396064 -3
-129.930875576037 -12.25
-70.0812407680945 -16.5
-70.9917971662938 -16.5
-45.4982551376503 -10.25
-44.1975308641975 -13.75
-69.3375394321767 -4.75
-10.8276363636364 -15.25
-45.4475009686168 -10.25
-64.6612623045744 -14.25
-64.5905420991926 -14.25
-69.2952231793265 -4.5
-69.3380062305296 -3
-64.5244956772334 -14.25
-10.8544395924309 -15
-74.4652567975831 -3.25
-65.7414887478361 -14
-70.3340757238307 -16.5
-124.25799086758 -6.75
-124.18472063854 -11.5
-123.995433789954 -6.75
-11.7141893031888 -15.25
-76.3097398669087 -2.75
-123.778280542986 -11.5
-124.274285714286 -6.75
-11.2051087506323 -12.75
-122.540415704388 -11.75
-11.7179253867152 -15.25
-132.668213457077 -9
-65.3172737955347 -8
-77.3977433004231 -15
-76.0639606396064 -3
-124.952153110048 -10.75
-77.966991747937 -11.75
-11.1640211640212 -11.75
-11.8082391542107 -15.25
-66.2922002328289 -14
-69.8707692307692 -14
-69.8707692307692 -14
-70 -5.75
-129.294797687861 -12.25
-76.7422680412371 -14.75
-65.3027630805409 -8
-64.6202898550725 -14.25
-45.4947613504075 -10.25
-133.364161849711 -9.5
-11.6991440539064 -15.25
-64.5913978494624 -13.5
-64.4899135446686 -14.25
-64.5302593659942 -14.25
-75.4156769596199 -5.5
-13.0252412769117 -17
-64.4982698961938 -14.25
-11.1744966442953 -11.75
-75.027397260274 -4
-76.7422680412371 -14.75
-70.2077151335312 -16.5
-77.5017692852088 -15
-12.9400164338537 -15
-124.217142857143 -6.5
-11.1964082458581 -12.75
-75.5564263322884 -5.25
-67.4471086036671 -3
-65.2878965922444 -8
-11.6784869976359 -14.75
-75.2190923317684 -5.5
-79.7402597402597 -4.5
-58.1085618354785 -10.75
-66.371578334304 -14
-12.9268693508628 -15.25
-56.6382978723404 -13
-77.0434183321847 -4.5
-11.7807720320466 -15.25
-106.742671009772 -10.75
-11.1571609632446 -12.75
-75.4460093896714 -4.5
-76.7422680412371 -14.75
-65.8357432041643 -14
-65.4505734571272 -13.5
-44.3429487179487 -13.75
-76.0984615384615 -3
-48.7299270072993 -13.25
-133.364161849711 -9.25
-75.6464174454829 -4
-77.4273564847626 -15
-64.6086956521739 -14.25
-45.8322324966975 -11
-12.9373970345964 -15
-11.1647655259823 -12.75
-132.867052023121 -9.5
-77.4609929078014 -15
-76.0984615384615 -3
-75.4502740798747 -4
-124.068571428571 -6.75
-75.4737666405638 -5.25
-75.5764705882353 -5.25
-62.6198292843073 -4
-65.8174465626805 -14
-75.4351265822785 -4
-123.169897377423 -11.5
-11.7153469525578 -15.25
-65.4626675175495 -3.25
-75.4502369668246 -5.5
-12.9452392698569 -15
-11.2568098314963 -12.5
-44.3822471011595 -13.75
-124.116972477064 -6.5
-124.244851258581 -1.25
-11.2051087506323 -12.75
-75.5450980392157 -5.25
-11.158134820071 -12.75
-44.3950320512821 -13.75
-124.141876430206 -1.25
-133.290993071594 -9.5
-128.441273326015 -9.25
-11.8147069530397 -15.25
-11.7954794021145 -15.25
-76.5302013422819 -11.5
-61.5034310667498 -14.5
-76.517524235645 -12.25
-109.920724801812 -8
-136.413145539906 -0.25
-82.0900900900901 -11.5
-100.525557955364 -8
-80.3803486529319 -6.5
-72.1069433359936 -13
-74.0454914703493 -13.75
-82.6267281105991 -11.5
-11.9177830794641 -15.25
-101.301886792453 -7.75
-51.7035175879397 -19.75
-75.3053783044667 -0
-59.7398669086509 -3.25
-64.7769028871391 -8.75
-59.7127139364303 -12.75
-45.4135002235136 -11.5
-119.295942720764 -6
-80 -18
-74.7686567164179 -7.25
-89.7608503100089 -14.5
-76.031175059952 -6.75
-47.6043643263757 -13
-69.4438073394495 -10.25
-65.2093529091898 -13.5
-47.457898957498 -17.25
-45.2454940957116 -12.5
-64.0161569532602 -14.5
-64.3037974683544 -6.75
-82.0248203788374 -11.5
-50.8703071672355 -20.5
-67.3771626297578 -6.75
-119.034334763948 -11.5
-63.7674418604651 -13.75
-67.8944174757281 -17.25
-77.0007535795026 -2.75
-50.0547263681592 -20.5
-106.301218161683 -11
-85.9875776397516 -9.75
-90.1968134957826 -13.5
-75.3521126760563 -4.5
-90.2144772117963 -5.75
-89.3081761006289 -16.5
-74.8187311178248 -7
-73.3565945568737 -14.5
-104.60511679644 -10.25
-69.5551257253385 -4.75
-44.5857418111753 -15
-86.446511627907 -16
-75.4886630179828 -5
-48.2571075401731 -31.5
-114.444444444444 -2.25
-57.3488372093023 -5
-65.9207783182766 -10.75
-87.672571777642 -8.25
-105.976744186047 -8
-54.5970873786408 -9
-83.8861209964413 -4.75
-92.7744165946413 -12
-63.5678670360111 -10.25
-106.872964169381 -10.75
-59.1347270615563 -12.25
-92.1957671957672 -3.75
-107.890792291221 -16.75
-49.5945945945946 -12.5
-62.8666035950804 -12
-71.1910112359551 -14.25
-70.1028433151845 -5
-16.3497942386831 -22.75
-83.1299927378359 -8.25
-53.7869565217391 -8.5
-67.6722090261283 -6
-44.3171188026193 -16.25
-71.6538461538461 -8.75
-68.784140969163 -19
-84.4713656387665 -12.5
-132.096774193548 -9
-124.370709382151 -6.75
-71.6266822703335 -12.75
-74.044630404463 -15
-22.4028889322663 -19.75
-78.5159420289855 -9.75
-74.6904761904762 -3.75
-62.4986301369863 -8.5
-58.9001692047377 -7
-34.2960893854749 -21.25
-85.6320119670905 -6.25
-75.2465753424658 -8.75
-72.5053229240596 -15.5
-64.5242847638057 -12.25
-97.0964912280702 -12.5
-74.0660112359551 -14.25
-83.0745906610067 -9.25
-112.025862068966 -11.5
-64.555940023068 -14.25
-78.0340667139815 -5
-65.5684596577017 -14
-59.572312886888 -7
-68.9206349206349 -6
-55.7401812688822 -17.5
-50.0114155251142 -18
-87.4464944649447 -8.25
-77.881417208966 -4
-21.5408805031447 -21.25
-73.9233449477352 -9
-68.4815950920245 -9.5
-24.2659145850121 -18.5
-104.571140262361 -10.5
-62.282815472416 -12.25
-103.618421052632 -4
-58.1894873458793 -5
-42.2745548535325 -18.75
-74.3997856377278 -2.25
-98.3783783783784 -0.25
-43.5112359550562 -11.5
-43.3640552995392 -11
-73.2377049180328 -9.25
-73.5128417564209 -5.25
-67.714528462192 -13.5
-13.0738427038283 -14.25
-62.4377358490566 -5.5
-60.4748338081671 -16.75
-53.6111111111111 -12.25
-77.9153094462541 -16.75
-80.7534699272968 -8.75
-56.9230769230769 -20.5
-121.539313399779 -7
-70.3851851851852 -16
-58.929198361615 -12.25
-30.1893687707641 -13.75
-104.829857299671 -8
-10.476262473541 -17.5
-89.3237082066869 -13.75
-122.218683651805 -0.5
-47.9674796747967 -16
-75.7913931436907 -3
-59.8740554156171 -13
-65.595382746051 -12.75
-101.319520174482 -9.25
-74.1807580174927 -0.75
-53.3675799086758 -13.25
-73.5188866799205 -12
-52.8072153325817 -13.5
-54.5955882352941 -15.5
-58.3311688311688 -11.75
-64.7911227154047 -15
-77.9529737206086 -1
-87.1818181818182 -10
-52.8467153284672 -16
-71.479064709081 -14.75
-61.0362694300518 -11.25
-47.1817058096415 -16.5
-60.9017941454202 -11.75
-81.3473053892216 -14.75
-45.6020066889632 -16.5
-70.7111390811831 -12.5
-15.5495932144712 -20
-38.6121103117506 -13.75
-96.1964146531567 -3
-83.7855402112104 -8
-77.0397111913357 -6
-81.5616045845272 -6.5
-28.8789737869492 -13.25
-103.242698892246 -4.5
-67.0075497597804 -7.25
-62.7039007092199 -10
-24.7507842453817 -30.25
-77.787201233616 -2
-55.8939650310209 -13.25
-77.5511596180082 -8
-91.029702970297 -9.75
-87.6992481203008 -10.75
-55.4575596816976 -13.5
-86.4555160142349 -6.5
-76.8610897927859 -2.75
-73.0836120401338 -4.5
-57.1210191082803 -4.5
-87.4543239951279 -4.5
-56.5539906103286 -9
-62.0532915360502 -10.75
-70.048 -8.5
-57.9224376731302 -15
-68.0784061696658 -8.25
-97.1753986332574 -8.75
-108.058035714286 -9
-102.98277425204 -12
-56.9069529652352 -10.75
-60.1175656984786 -8
-64.5905420991926 -14.25
-45.4609929078014 -15.5
-32.0349278663629 -18
-25.8103674540682 -16.25
-41.693657219973 -26
-127.904689863843 -1.75
-124.132553606238 -5.5
-79.7183098591549 -11
-85.3828306264501 -3.75
-65.7664233576642 -6
-79.3771868439468 -14
-80.4616306954436 -11.25
-101.820728291317 -12.75
-19.3415106520336 -11.25
-72.7209154481882 -0.25
-82.2273567467653 -14.25
-51.9387186629526 -13.25
-7.33110984956003 -13.5
-15.0867507886435 -17.5
-79.0548780487805 -13
-77.2952710495963 -4.25
-24.04333663787 -10.5
-123.961038961039 -9.25
-77.52849002849 -5
-7.33079738749731 -14.5
-123.756805807622 -7.5
-44.8948513415518 -15.5
-124.010152284264 -7.5
-68.6690909090909 -10.25
-77.0473537604457 -12
-94.0100882723834 -11
-125.313620071685 -0.5
-83.0999270605398 -4.75
-77.0362622036262 -12
-114.530026109661 -2.75
-76.6862745098039 -7.75
-72.27969348659 -12.25
-124.952153110048 -10.75
-70.3259259259259 -16.5
-89.7232824427481 -10
-97.8437754271766 -10.75
-48.6663502610347 -20
-79.7628156082632 -4.5
-64.5905420991926 -14.25
-89.8095238095238 -10
-70.3259259259259 -16.5
-64.4521337946943 -14.25
-71.0443275732532 -16.5
-129.930875576037 -12.25
-70.0812407680945 -16.5
-70.9917971662938 -16.5
-10.8276363636364 -15.25
-64.6612623045744 -14.25
-64.5905420991926 -14.25
-64.5244956772334 -14.25
-65.7414887478361 -14
-70.3340757238307 -16.5
-124.25799086758 -6.75
-124.18472063854 -11.5
-123.995433789954 -6.75
-11.7141893031888 -15.25
-123.778280542986 -11.5
-124.274285714286 -6.75
-122.540415704388 -11.75
-11.7179253867152 -15.25
-132.668213457077 -9
-77.3977433004231 -15
-124.952153110048 -10.75
-77.966991747937 -11.75
-11.8082391542107 -15.25
-66.2922002328289 -14
-69.8707692307692 -14
-69.8707692307692 -14
-129.294797687861 -12.25
-76.7422680412371 -14.75
-64.6202898550725 -14.25
-133.364161849711 -9.5
-11.6991440539064 -15.25
-64.4899135446686 -14.25
-64.5302593659942 -14.25
-13.0252412769117 -17
-64.4982698961938 -14.25
-76.7422680412371 -14.75
-70.2077151335312 -16.5
-77.5017692852088 -15
-12.9400164338537 -15
-124.217142857143 -6.5
-11.6784869976359 -14.75
-79.7402597402597 -4.5
-66.371578334304 -14
-12.9268693508628 -15.25
-11.7807720320466 -15.25
-106.742671009772 -10.75
-76.7422680412371 -14.75
-65.8357432041643 -14
-65.4505734571272 -13.5
-133.364161849711 -9.25
-77.4273564847626 -15
-64.6086956521739 -14.25
-12.9373970345964 -15
-132.867052023121 -9.5
-77.4609929078014 -15
-124.068571428571 -6.75
-65.8174465626805 -14
-123.169897377423 -11.5
-11.7153469525578 -15.25
-12.9452392698569 -15
-124.116972477064 -6.5
-124.244851258581 -1.25
-44.3950320512821 -13.75
-124.141876430206 -1.25
-133.290993071594 -9.5
-128.441273326015 -9.25
-11.8147069530397 -15.25
-11.7954794021145 -15.25
-76.5302013422819 -11.5
-61.5034310667498 -14.5
-76.517524235645 -12.25
-109.920724801812 -8
-136.413145539906 -0.25
-82.0900900900901 -11.5
-100.525557955364 -8
-80.3803486529319 -6.5
-72.1069433359936 -13
-74.0454914703493 -13.75
-82.6267281105991 -11.5
-11.9177830794641 -15.25
-101.301886792453 -7.75
-51.7035175879397 -19.75
-119.295942720764 -6
-80 -18
-89.7608503100089 -14.5
-69.4438073394495 -10.25
-65.2093529091898 -13.5
-47.457898957498 -17.25
-64.0161569532602 -14.5
-82.0248203788374 -11.5
-50.8703071672355 -20.5
-119.034334763948 -11.5
-67.8944174757281 -17.25
-50.0547263681592 -20.5
-106.301218161683 -11
-85.9875776397516 -9.75
-90.1968134957826 -13.5
-90.2144772117963 -5.75
-89.3081761006289 -16.5
-73.3565945568737 -14.5
-104.60511679644 -10.25
-44.5857418111753 -15
-86.446511627907 -16
-48.2571075401731 -31.5
-114.444444444444 -2.25
-65.9207783182766 -10.75
-87.672571777642 -8.25
-105.976744186047 -8
-83.8861209964413 -4.75
-92.7744165946413 -12
-106.872964169381 -10.75
-92.1957671957672 -3.75
-107.890792291221 -16.75
-71.1910112359551 -14.25
-16.3497942386831 -22.75
-83.1299927378359 -8.25
-44.3171188026193 -16.25
-71.6538461538461 -8.75
-68.784140969163 -19
-84.4713656387665 -12.5
-132.096774193548 -9
-124.370709382151 -6.75
-71.6266822703335 -12.75
-74.044630404463 -15
-22.4028889322663 -19.75
-78.5159420289855 -9.75
-34.2960893854749 -21.25
-85.6320119670905 -6.25
-75.2465753424658 -8.75
-72.5053229240596 -15.5
-97.0964912280702 -12.5
-74.0660112359551 -14.25
-83.0745906610067 -9.25
-112.025862068966 -11.5
-64.555940023068 -14.25
-68.9206349206349 -6
-55.7401812688822 -17.5
-50.0114155251142 -18
-87.4464944649447 -8.25
-77.881417208966 -4
-21.5408805031447 -21.25
-73.9233449477352 -9
-68.4815950920245 -9.5
-24.2659145850121 -18.5
-104.571140262361 -10.5
-103.618421052632 -4
-42.2745548535325 -18.75
-98.3783783783784 -0.25
-73.2377049180328 -9.25
-67.714528462192 -13.5
-13.0738427038283 -14.25
-60.4748338081671 -16.75
-77.9153094462541 -16.75
-80.7534699272968 -8.75
-56.9230769230769 -20.5
-121.539313399779 -7
-70.3851851851852 -16
-104.829857299671 -8
-10.476262473541 -17.5
-89.3237082066869 -13.75
-122.218683651805 -0.5
-47.9674796747967 -16
-65.595382746051 -12.75
-101.319520174482 -9.25
-73.5188866799205 -12
-54.5955882352941 -15.5
-64.7911227154047 -15
-77.9529737206086 -1
-87.1818181818182 -10
-52.8467153284672 -16
-71.479064709081 -14.75
-47.1817058096415 -16.5
-81.3473053892216 -14.75
-45.6020066889632 -16.5
-70.7111390811831 -12.5
-15.5495932144712 -20
-96.1964146531567 -3
-83.7855402112104 -8
-81.5616045845272 -6.5
-103.242698892246 -4.5
-24.7507842453817 -30.25
-77.5511596180082 -8
-91.029702970297 -9.75
-87.6992481203008 -10.75
-86.4555160142349 -6.5
-87.4543239951279 -4.5
-70.048 -8.5
-57.9224376731302 -15
-68.0784061696658 -8.25
-97.1753986332574 -8.75
-108.058035714286 -9
-102.98277425204 -12
-64.5905420991926 -14.25
-45.4609929078014 -15.5
-32.0349278663629 -18
-25.8103674540682 -16.25
-41.693657219973 -26
-127.904689863843 -1.75
-124.132553606238 -5.5
-79.7183098591549 -11
-85.3828306264501 -3.75
-79.3771868439468 -14
-80.4616306954436 -11.25
-101.820728291317 -12.75
-82.2273567467653 -14.25
-15.0867507886435 -17.5
-79.0548780487805 -13
-123.961038961039 -9.25
-123.756805807622 -7.5
-44.8948513415518 -15.5
-124.010152284264 -7.5
-68.6690909090909 -10.25
-77.0473537604457 -12
-94.0100882723834 -11
-125.313620071685 -0.5
-83.0999270605398 -4.75
-77.0362622036262 -12
-114.530026109661 -2.75
-76.6862745098039 -7.75
-72.27969348659 -12.25
-112.332268370607 -16.75
-143.444034440344 -7.25
-53.3707865168539 -17
-72.7303754266212 -6
-72.539356605065 -15
-86.505905511811 -4
-91.8621307072516 -14.75
-65.4739084132055 -12
-82.5258215962441 -12.5
-66.1453488372093 -14
-93.0746489283075 -3.25
-33.7858880778589 -16.5
-97.993288590604 -11.75
-97.6034858387799 -7.75
-70.14064697609 -24.5
-89.9683544303797 -3
-72.7509926262053 -12.5
-82.5536992840096 -14.25
-59.6683046683047 -15.25
-54.124613800206 -18
-26.5943842090631 -18.5
-73.208480565371 -14.75
-100.867237687366 -10.75
-71.0847701149425 -17
-75.2669039145908 -9.75
-114.315789473684 -11
-82.8992805755396 -11.5
-81.264367816092 -6
-124.592952612394 -2.75
-93.1144211238998 -10.75
-101.35593220339 -5
-90.3198781416603 -4.5
-32.2024729520866 -20
-79.2956852791878 -14
-84.6744345442084 -13.75
-45.7920549288867 -14.75
-123.270202020202 -11.25
-59.2262343404569 -14
-31.878453038674 -14.75
-76.8918918918919 -13
-74.7762073027091 -10.25
-65.1620648259304 -12.5
-71.7179802955665 -11.75
-45.6752062527139 -28.75
-67.5284552845528 -16.5
-37.2231350640815 -23
-70.8255741775295 -11.75
-76.5794392523365 -14
-88.7468247248095 -16.25
-88.6589297227595 -8.25
-112.552552552553 -6.25
-70.2160953800298 -16
-111.402684563758 -3
-63.9555822328931 -14.75
-74.3053645116919 -13.25
-70.9710896960712 -13.75
-51.9774011299435 -16.75
-73.1109799291617 -7
-86.8501742160279 -5
-73.3918128654971 -13.5
-87.2422680412371 -13
-69.2583872866392 -12.5
-76.9004676018704 -14.25
-99.0129081245254 -8.5
-66.6943062465451 -10.75
-79.6582466567608 -13
-105.302445302445 -2.25
-68.2293762575453 -8.5
-35.4942965779468 -17.5
-65.7727272727273 -11
-116.809338521401 -0.25
-94.945945945946 -14.75
-79.7404948702474 -3.75
-62.7833421191355 -15.5
-70.8122743682311 -7.75
-113.111814345992 -8.5
-84.9613733905579 -10
-66.486301369863 -10
-40.0434512725016 -15.5
-70.8681022880215 -14.75
-33.9511201629328 -14.75
-83.2345013477089 -16
-69.1625266146203 -13.25
-63.1147540983607 -22
-111.624850657109 -8
-53.080229226361 -16.75
-84.109926168991 -16.75
-32.6226954037912 -14.5
-72.1343873517787 -16
-73.1980906921241 -14
-78.4222919937206 -15
-73.2119635890767 -12.75
-123.945267958951 -6.75
-54.5404595404595 -14.5
-81.4692787177204 -16.75
-121.110065851364 -8
-50.3968253968254 -15.25
-64.7896213183731 -18.25
-106.732161323681 -10.25
-109.037900874636 -14.5
-83.621997471555 -0.75
-72.8854314002829 -14.25
-78.7365398420675 -1.75
-102.322713257965 -2
-56.1333333333333 -15
-87.2588480222068 -13
-82.241935483871 -14.5
-77.7466863033873 -18.25
-95.3128313891835 -3
-124.721485411141 -0.5
-70.1412180052957 -17
-66.1111111111111 -9.5
-100.047214353163 -15.75
-44.2843691148776 -16.25
-80.0509461426492 -14
-82.9676511954993 -18
-78.3062085593731 -11.75
-88.8038698328936 -15
-84.6980461811723 -8
-111.109589041096 -2.5
-69.0914747977598 -11.75
-131.679819616685 -7.25
-70.8529214237743 -11.75
-86.2983425414365 -10
-88.4848484848485 -3.25
-98.4593023255814 -12
-74.1409395973154 -9.25
-87.4862568715642 -3.5
-92.1831955922865 -5.25
-130.587371512482 -11
-89.6685082872928 -8.75
-83.9355581127733 -4.75
-89.2176870748299 -8.5
-98.0312787488501 -0.25
-76.3874345549738 -14.5
-87.6341948310139 -13
-87.3487846240814 -0.25
-120.446685878963 -1
-116.883604505632 -10.25
-70.0812407680945 -16.5
-80.2372393961179 -0.25
-36.468085106383 -18
-124.952153110048 -10.75
-70.3259259259259 -16.5
-89.7232824427481 -10
-97.8437754271766 -10.75
-48.6663502610347 -20
-89.8095238095238 -10
-70.3259259259259 -16.5
-71.0443275732532 -16.5
-129.930875576037 -12.25
-70.0812407680945 -16.5
-70.9917971662938 -16.5
-64.6612623045744 -14.25
-70.3340757238307 -16.5
-124.25799086758 -6.75
-124.18472063854 -11.5
-123.995433789954 -6.75
-123.778280542986 -11.5
-124.274285714286 -6.75
-122.540415704388 -11.75
-132.668213457077 -9
-77.3977433004231 -15
-124.952153110048 -10.75
-129.294797687861 -12.25
-76.7422680412371 -14.75
-133.364161849711 -9.5
-13.0252412769117 -17
-76.7422680412371 -14.75
-70.2077151335312 -16.5
-77.5017692852088 -15
-124.217142857143 -6.5
-106.742671009772 -10.75
-76.7422680412371 -14.75
-133.364161849711 -9.25
-77.4273564847626 -15
-132.867052023121 -9.5
-77.4609929078014 -15
-124.068571428571 -6.75
-123.169897377423 -11.5
-124.116972477064 -6.5
-124.244851258581 -1.25
-124.141876430206 -1.25
-133.290993071594 -9.5
-128.441273326015 -9.25
-61.5034310667498 -14.5
-109.920724801812 -8
-136.413145539906 -0.25
-82.0900900900901 -11.5
-100.525557955364 -8
-82.6267281105991 -11.5
-101.301886792453 -7.75
-51.7035175879397 -19.75
-119.295942720764 -6
-80 -18
-89.7608503100089 -14.5
-47.457898957498 -17.25
-64.0161569532602 -14.5
-82.0248203788374 -11.5
-50.8703071672355 -20.5
-119.034334763948 -11.5
-67.8944174757281 -17.25
-50.0547263681592 -20.5
-106.301218161683 -11
-85.9875776397516 -9.75
-90.1968134957826 -13.5
-90.2144772117963 -5.75
-89.3081761006289 -16.5
-73.3565945568737 -14.5
-104.60511679644 -10.25
-86.446511627907 -16
-48.2571075401731 -31.5
-114.444444444444 -2.25
-87.672571777642 -8.25
-105.976744186047 -8
-92.7744165946413 -12
-106.872964169381 -10.75
-107.890792291221 -16.75
-71.1910112359551 -14.25
-16.3497942386831 -22.75
-44.3171188026193 -16.25
-68.784140969163 -19
-84.4713656387665 -12.5
-132.096774193548 -9
-124.370709382151 -6.75
-74.044630404463 -15
-22.4028889322663 -19.75
-34.2960893854749 -21.25
-72.5053229240596 -15.5
-97.0964912280702 -12.5
-74.0660112359551 -14.25
-83.0745906610067 -9.25
-112.025862068966 -11.5
-55.7401812688822 -17.5
-50.0114155251142 -18
-87.4464944649447 -8.25
-21.5408805031447 -21.25
-24.2659145850121 -18.5
-104.571140262361 -10.5
-103.618421052632 -4
-42.2745548535325 -18.75
-98.3783783783784 -0.25
-60.4748338081671 -16.75
-77.9153094462541 -16.75
-56.9230769230769 -20.5
-121.539313399779 -7
-70.3851851851852 -16
-104.829857299671 -8
-10.476262473541 -17.5
-89.3237082066869 -13.75
-122.218683651805 -0.5
-101.319520174482 -9.25
-73.5188866799205 -12
-54.5955882352941 -15.5
-64.7911227154047 -15
-87.1818181818182 -10
-52.8467153284672 -16
-71.479064709081 -14.75
-47.1817058096415 -16.5
-81.3473053892216 -14.75
-45.6020066889632 -16.5
-15.5495932144712 -20
-96.1964146531567 -3
-83.7855402112104 -8
-103.242698892246 -4.5
-24.7507842453817 -30.25
-91.029702970297 -9.75
-87.6992481203008 -10.75
-86.4555160142349 -6.5
-97.1753986332574 -8.75
-108.058035714286 -9
-102.98277425204 -12
-45.4609929078014 -15.5
-32.0349278663629 -18
-25.8103674540682 -16.25
-41.693657219973 -26
-127.904689863843 -1.75
-124.132553606238 -5.5
-79.7183098591549 -11
-79.3771868439468 -14
-80.4616306954436 -11.25
-101.820728291317 -12.75
-82.2273567467653 -14.25
-15.0867507886435 -17.5
-79.0548780487805 -13
-123.961038961039 -9.25
-123.756805807622 -7.5
-44.8948513415518 -15.5
-124.010152284264 -7.5
-94.0100882723834 -11
-125.313620071685 -0.5
-77.0362622036262 -12
-114.530026109661 -2.75
-112.332268370607 -16.75
-143.444034440344 -7.25
-53.3707865168539 -17
-72.539356605065 -15
-91.8621307072516 -14.75
-82.5258215962441 -12.5
-93.0746489283075 -3.25
-33.7858880778589 -16.5
-97.993288590604 -11.75
-97.6034858387799 -7.75
-70.14064697609 -24.5
-82.5536992840096 -14.25
-54.124613800206 -18
-26.5943842090631 -18.5
-73.208480565371 -14.75
-100.867237687366 -10.75
-71.0847701149425 -17
-114.315789473684 -11
-82.8992805755396 -11.5
-124.592952612394 -2.75
-93.1144211238998 -10.75
-101.35593220339 -5
-32.2024729520866 -20
-79.2956852791878 -14
-84.6744345442084 -13.75
-123.270202020202 -11.25
-76.8918918918919 -13
-45.6752062527139 -28.75
-67.5284552845528 -16.5
-37.2231350640815 -23
-76.5794392523365 -14
-88.7468247248095 -16.25
-88.6589297227595 -8.25
-112.552552552553 -6.25
-70.2160953800298 -16
-111.402684563758 -3
-63.9555822328931 -14.75
-51.9774011299435 -16.75
-87.2422680412371 -13
-76.9004676018704 -14.25
-99.0129081245254 -8.5
-79.6582466567608 -13
-105.302445302445 -2.25
-35.4942965779468 -17.5
-116.809338521401 -0.25
-94.945945945946 -14.75
-113.111814345992 -8.5
-84.9613733905579 -10
-70.8681022880215 -14.75
-83.2345013477089 -16
-63.1147540983607 -22
-111.624850657109 -8
-53.080229226361 -16.75
-84.109926168991 -16.75
-72.1343873517787 -16
-78.4222919937206 -15
-123.945267958951 -6.75
-54.5404595404595 -14.5
-81.4692787177204 -16.75
-121.110065851364 -8
-50.3968253968254 -15.25
-64.7896213183731 -18.25
-106.732161323681 -10.25
-109.037900874636 -14.5
-102.322713257965 -2
-56.1333333333333 -15
-87.2588480222068 -13
-82.241935483871 -14.5
-77.7466863033873 -18.25
-95.3128313891835 -3
-124.721485411141 -0.5
-70.1412180052957 -17
-100.047214353163 -15.75
-44.2843691148776 -16.25
-80.0509461426492 -14
-82.9676511954993 -18
-78.3062085593731 -11.75
-88.8038698328936 -15
-111.109589041096 -2.5
-131.679819616685 -7.25
-86.2983425414365 -10
-98.4593023255814 -12
-130.587371512482 -11
-89.6685082872928 -8.75
-89.2176870748299 -8.5
-98.0312787488501 -0.25
-76.3874345549738 -14.5
-87.6341948310139 -13
-120.446685878963 -1
-116.883604505632 -10.25
-70.0812407680945 -16.5
-36.468085106383 -18
-70.3206562266965 -16.5
-20.3960690887433 -35
-112.547923322684 -1.25
-58.2394868139701 -20
-84.921681780709 -9.75
-86.1134453781513 -11.5
-87.3163507109005 -16.75
-80.6109134045077 -9.75
-102.648083623693 -15.5
-89.990328820116 -13.75
-109.911504424779 -8
-71.117279666898 -15.25
-82.0146222583266 -14.5
-107.988700564972 -11.75
-132.35838150289 -9
-97.3346116970278 -10
-107.110352673493 -4
-97.1733333333333 -7.5
-72.1608040201005 -17.75
-101.882067851373 -5.75
-68.5805991440799 -15
-104.100917431193 -17.5
-115.071488645921 -0.5
-77.8286461739699 -17
-47.6201550387597 -25.25
-90.7553707553708 -13.25
-81.4104193138501 -11.25
-114.954648526077 -9
-70.3277494537509 -16.25
-102.626373626374 -6
-123.501070663812 -6
-85.2470588235294 -11.25
-97.3727272727273 -11.25
-102.895256916996 -16.5
-86.854764107308 -15.5
-86.4866581956798 -13.25
-98.1255448997384 -0.5
-106.883198001249 -1
-84.7186796699175 -15
-86.9852302345786 -14
-83.4024390243902 -12.75
-32.2100591715976 -18.5
-122.611717974181 -8.5
-93.8843813387424 -16
-42.5634517766497 -18.5
-114.610951008646 -10.75
-103.931623931624 -11.75
-75.8509737510584 -16.75
-74.392523364486 -12.25
-92.8498467824311 -14.5
-62.1594289113623 -19.25
-106.170921198668 -6
-75.9020217729393 -14.25
-106.624203821656 -12.5
-68.3437283437283 -19.75
-70.1036806635562 -14.5
-95.3225806451613 -12
-93.8622291021672 -10
-78.6864085041762 -13.75
-85.3486700215672 -9
-98.7746170678337 -16.75
-102.232905982906 -13.25
-115.505397448479 -8.25
-104.002057613169 -9.75
-60.5630630630631 -16.25
-101.696335078534 -12
-52.5700365408039 -18
-94.7778643803585 -16.25
-112.40192153723 -0.25
-87.0709570957096 -14.75
-82.6991441737985 -20
-63.6578449905482 -17.5
-93.8406940063091 -2
-73.478561549101 -14
-74.272997032641 -13.25
-77.8708685626441 -12
-33.7883531621791 -22.5
-88.122096881221 -10.75
-96.4680390032503 -6
-106.294227188082 -13
-56.4624676445211 -19
-67.5248281130634 -18
-72.5760135135135 -16.5
-78.3414161008729 -15.75
-102.412155745489 -16.25
-94.0492957746479 -6
-122.539682539683 -13
-81.528013582343 -22.75
-46.8236765318883 -19.25
-111.905263157895 -5.75
-63.8815789473684 -15
-78.7756598240469 -13.5
-120.990443092963 -6.5
-34.534967555876 -17
-49.2875318066158 -16
-85.3439153439153 -14.5
-95.2823086574655 -9.25
-72.3570324574961 -14.75
-80.0375093773443 -14
-77.6489429852658 -12.5
-76.1486988847584 -15.25
-24.9328214971209 -16.5
-92.4064171122995 -9
-82.0823529411765 -9.75
-111.280432822362 -8
-126.169154228856 -10.75
-88.4293193717277 -10.25
-117.050438596491 -7.25
-91.25 -14.25
-93.2401746724891 -16.25
-100.652003142184 -6.5
-45.2719333068678 -16.5
-117.826887661142 -7
-109.197651663405 -8.75
-130.679851668727 -10.75
-15.7462323772484 -17
-121.277292576419 -10
-85.3538175046555 -11.5
-94.2530120481928 -0
-93.6284584980237 -11.75
-131.540740740741 -13
-121.988130563798 -7.5
-92.7745098039216 -11.25
-123.005050505051 -11.75
-110.663615560641 -11.75
-121.615289765721 -12
-125.051867219917 -8.5
-122.255489021956 -8.5
-131.447721179625 -12
-124.952153110048 -10.75
-70.3259259259259 -16.5
-89.7232824427481 -10
-97.8437754271766 -10.75
-48.6663502610347 -20
-89.8095238095238 -10
-70.3259259259259 -16.5
-71.0443275732532 -16.5
-129.930875576037 -12.25
-70.0812407680945 -16.5
-70.9917971662938 -16.5
-70.3340757238307 -16.5
-124.25799086758 -6.75
-124.18472063854 -11.5
-123.995433789954 -6.75
-123.778280542986 -11.5
-124.274285714286 -6.75
-122.540415704388 -11.75
-132.668213457077 -9
-77.3977433004231 -15
-124.952153110048 -10.75
-129.294797687861 -12.25
-133.364161849711 -9.5
-13.0252412769117 -17
-70.2077151335312 -16.5
-77.5017692852088 -15
-124.217142857143 -6.5
-106.742671009772 -10.75
-133.364161849711 -9.25
-77.4273564847626 -15
-132.867052023121 -9.5
-77.4609929078014 -15
-124.068571428571 -6.75
-123.169897377423 -11.5
-124.116972477064 -6.5
-124.244851258581 -1.25
-124.141876430206 -1.25
-133.290993071594 -9.5
-128.441273326015 -9.25
-109.920724801812 -8
-136.413145539906 -0.25
-100.525557955364 -8
-51.7035175879397 -19.75
-119.295942720764 -6
-80 -18
-89.7608503100089 -14.5
-47.457898957498 -17.25
-50.8703071672355 -20.5
-119.034334763948 -11.5
-67.8944174757281 -17.25
-50.0547263681592 -20.5
-106.301218161683 -11
-90.1968134957826 -13.5
-89.3081761006289 -16.5
-104.60511679644 -10.25
-86.446511627907 -16
-48.2571075401731 -31.5
-114.444444444444 -2.25
-105.976744186047 -8
-92.7744165946413 -12
-106.872964169381 -10.75
-107.890792291221 -16.75
-16.3497942386831 -22.75
-44.3171188026193 -16.25
-68.784140969163 -19
-132.096774193548 -9
-124.370709382151 -6.75
-74.044630404463 -15
-22.4028889322663 -19.75
-34.2960893854749 -21.25
-72.5053229240596 -15.5
-97.0964912280702 -12.5
-112.025862068966 -11.5
-55.7401812688822 -17.5
-50.0114155251142 -18
-21.5408805031447 -21.25
-24.2659145850121 -18.5
-104.571140262361 -10.5
-103.618421052632 -4
-42.2745548535325 -18.75
-60.4748338081671 -16.75
-77.9153094462541 -16.75
-56.9230769230769 -20.5
-121.539313399779 -7
-70.3851851851852 -16
-104.829857299671 -8
-10.476262473541 -17.5
-89.3237082066869 -13.75
-122.218683651805 -0.5
-54.5955882352941 -15.5
-87.1818181818182 -10
-47.1817058096415 -16.5
-81.3473053892216 -14.75
-45.6020066889632 -16.5
-15.5495932144712 -20
-24.7507842453817 -30.25
-87.6992481203008 -10.75
-108.058035714286 -9
-102.98277425204 -12
-32.0349278663629 -18
-41.693657219973 -26
-127.904689863843 -1.75
-124.132553606238 -5.5
-101.820728291317 -12.75
-82.2273567467653 -14.25
-15.0867507886435 -17.5
-123.961038961039 -9.25
-123.756805807622 -7.5
-124.010152284264 -7.5
-94.0100882723834 -11
-125.313620071685 -0.5
-114.530026109661 -2.75
-112.332268370607 -16.75
-143.444034440344 -7.25
-53.3707865168539 -17
-91.8621307072516 -14.75
-33.7858880778589 -16.5
-97.993288590604 -11.75
-97.6034858387799 -7.75
-70.14064697609 -24.5
-82.5536992840096 -14.25
-54.124613800206 -18
-26.5943842090631 -18.5
-100.867237687366 -10.75
-71.0847701149425 -17
-114.315789473684 -11
-124.592952612394 -2.75
-93.1144211238998 -10.75
-32.2024729520866 -20
-84.6744345442084 -13.75
-123.270202020202 -11.25
-45.6752062527139 -28.75
-67.5284552845528 -16.5
-37.2231350640815 -23
-88.7468247248095 -16.25
-88.6589297227595 -8.25
-112.552552552553 -6.25
-70.2160953800298 -16
-111.402684563758 -3
-51.9774011299435 -16.75
-87.2422680412371 -13
-99.0129081245254 -8.5
-105.302445302445 -2.25
-35.4942965779468 -17.5
-116.809338521401 -0.25
-94.945945945946 -14.75
-113.111814345992 -8.5
-83.2345013477089 -16
-63.1147540983607 -22
-111.624850657109 -8
-53.080229226361 -16.75
-84.109926168991 -16.75
-72.1343873517787 -16
-78.4222919937206 -15
-123.945267958951 -6.75
-81.4692787177204 -16.75
-121.110065851364 -8
-50.3968253968254 -15.25
-64.7896213183731 -18.25
-106.732161323681 -10.25
-109.037900874636 -14.5
-102.322713257965 -2
-82.241935483871 -14.5
-77.7466863033873 -18.25
-124.721485411141 -0.5
-70.1412180052957 -17
-100.047214353163 -15.75
-80.0509461426492 -14
-82.9676511954993 -18
-88.8038698328936 -15
-111.109589041096 -2.5
-131.679819616685 -7.25
-98.4593023255814 -12
-130.587371512482 -11
-89.6685082872928 -8.75
-89.2176870748299 -8.5
-87.6341948310139 -13
-120.446685878963 -1
-116.883604505632 -10.25
-70.0812407680945 -16.5
-36.468085106383 -18
-70.3206562266965 -16.5
-20.3960690887433 -35
-112.547923322684 -1.25
-58.2394868139701 -20
-87.3163507109005 -16.75
-102.648083623693 -15.5
-89.990328820116 -13.75
-109.911504424779 -8
-71.117279666898 -15.25
-82.0146222583266 -14.5
-107.988700564972 -11.75
-132.35838150289 -9
-97.3346116970278 -10
-107.110352673493 -4
-72.1608040201005 -17.75
-68.5805991440799 -15
-104.100917431193 -17.5
-115.071488645921 -0.5
-77.8286461739699 -17
-47.6201550387597 -25.25
-90.7553707553708 -13.25
-114.954648526077 -9
-70.3277494537509 -16.25
-102.626373626374 -6
-123.501070663812 -6
-97.3727272727273 -11.25
-102.895256916996 -16.5
-86.854764107308 -15.5
-106.883198001249 -1
-84.7186796699175 -15
-86.9852302345786 -14
-32.2100591715976 -18.5
-122.611717974181 -8.5
-93.8843813387424 -16
-42.5634517766497 -18.5
-114.610951008646 -10.75
-103.931623931624 -11.75
-75.8509737510584 -16.75
-74.392523364486 -12.25
-92.8498467824311 -14.5
-62.1594289113623 -19.25
-106.170921198668 -6
-106.624203821656 -12.5
-68.3437283437283 -19.75
-95.3225806451613 -12
-98.7746170678337 -16.75
-102.232905982906 -13.25
-115.505397448479 -8.25
-104.002057613169 -9.75
-60.5630630630631 -16.25
-101.696335078534 -12
-52.5700365408039 -18
-94.7778643803585 -16.25
-112.40192153723 -0.25
-87.0709570957096 -14.75
-82.6991441737985 -20
-63.6578449905482 -17.5
-33.7883531621791 -22.5
-88.122096881221 -10.75
-106.294227188082 -13
-56.4624676445211 -19
-67.5248281130634 -18
-72.5760135135135 -16.5
-78.3414161008729 -15.75
-102.412155745489 -16.25
-122.539682539683 -13
-81.528013582343 -22.75
-46.8236765318883 -19.25
-120.990443092963 -6.5
-34.534967555876 -17
-85.3439153439153 -14.5
-80.0375093773443 -14
-76.1486988847584 -15.25
-24.9328214971209 -16.5
-111.280432822362 -8
-126.169154228856 -10.75
-117.050438596491 -7.25
-91.25 -14.25
-93.2401746724891 -16.25
-45.2719333068678 -16.5
-117.826887661142 -7
-109.197651663405 -8.75
-130.679851668727 -10.75
-15.7462323772484 -17
-121.277292576419 -10
-85.3538175046555 -11.5
-93.6284584980237 -11.75
-131.540740740741 -13
-121.988130563798 -7.5
-92.7745098039216 -11.25
-123.005050505051 -11.75
-110.663615560641 -11.75
-121.615289765721 -12
-125.051867219917 -8.5
-122.255489021956 -8.5
-131.447721179625 -12
-88.2559025133283 -13.5
-102.855711422846 -11.75
-102.924050632911 -13
-112.575928008999 -10
-40.6748650269946 -20.5
-59.9674479166667 -19.75
-88.955223880597 -13.5
-124.835526315789 -1.25
-48.2776540460282 -17.25
-94.1442542787286 -8.25
-28.2049036777583 -29.5
-86.6808510638298 -11.25
-35.1347229283172 -17.75
-70.9416058394161 -16.25
-66.1764705882353 -17.25
-80.5998588567396 -14.5
-120.401459854015 -11.25
-80.9905020352782 -14.75
-92.2656826568266 -13.25
-98.1887755102041 -15.75
-108.613963039014 -15.25
-71.1380281690141 -15
-45.7608695652174 -23
-91.4271151885831 -12
-57.7903682719547 -17.75
-102.651036970243 -18
-118.492822966507 -7.75
-96.8805704099822 -12.75
-84.0957446808511 -16.25
-83.9148494288681 -17.5
-20.806 -22.75
-135 -9
-78.7585266030014 -21.25
-61.6053511705686 -16
-79.0118152524168 -17.25
-106.643192488263 -9
-126.56103286385 -10.5
-99.8609625668449 -14.75
-96.4628820960699 -13
-65.3399014778325 -18
-69.8783783783784 -16.5
-75.0332326283988 -15
-66.4794007490637 -15
-98.4816247582205 -13
-74.6684118673648 -17
-75.1984126984127 -15.25
-114.186507936508 -4.75
-97.8787878787879 -14.5
-92.4932249322493 -13.75
-117.710144927536 -8.5
-122.232451093211 -10.25
-91.0104861773117 -16
-79.6650326797386 -15.5
-106.090573012939 -10
-51.9312714776632 -23
-112.153191489362 -9
-109.756637168142 -5.5
-58.8704318936877 -25.5
-90.2312138728324 -11.75
-116.944990176817 -8.25
-118.191666666667 -13
-44.549795361528 -22
-108.961318051576 -0
-88.3477425552353 -12.25
-23.0285564579513 -20.5
-119.830097087379 -11
-106.79033649698 -8
-96.8089430894309 -11.25
-57.1316964285714 -18.25
-28.3475540386803 -17.25
-106.0481444333 -13
-117.287933094385 -9.75
-108.915187376726 -10.25
-66.4569160997732 -19.75
-92.4170124481328 -17.25
-109.240265906933 -17.75
-53.4468283582089 -31.25
-94.5358401880141 -13.5
-113.690369036904 -8.25
-111.675170068027 -7.5
-79.2091254752852 -15.25
-43.1604278074866 -19.75
-116.738882554162 -11
-88.9556650246305 -13.5
-133.414634146341 -7.75
-119.30126002291 -9.5
-106.175514626219 -14.5
-108.851931330472 -11.75
-85.710928319624 -13.75
-134.149184149184 -8
-101.404140414041 -10.25
-155.089903181189 -4.5
-103.702644746247 -4.5
-129.79525862069 -7
-51.7035175879397 -19.75
-124.952153110048 -10.75
-97.8437754271766 -10.75
-48.6663502610347 -20
-70.3259259259259 -16.5
-71.0443275732532 -16.5
-129.930875576037 -12.25
-70.0812407680945 -16.5
-70.9917971662938 -16.5
-70.3340757238307 -16.5
-124.25799086758 -6.75
-124.18472063854 -11.5
-123.778280542986 -11.5
-124.274285714286 -6.75
-122.540415704388 -11.75
-132.668213457077 -9
-77.3977433004231 -15
-124.952153110048 -10.75
-129.294797687861 -12.25
-133.364161849711 -9.5
-13.0252412769117 -17
-70.2077151335312 -16.5
-124.217142857143 -6.5
-106.742671009772 -10.75
-133.364161849711 -9.25
-77.4273564847626 -15
-132.867052023121 -9.5
-124.068571428571 -6.75
-123.169897377423 -11.5
-124.244851258581 -1.25
-124.141876430206 -1.25
-133.290993071594 -9.5
-128.441273326015 -9.25
-136.413145539906 -0.25
-51.7035175879397 -19.75
-80 -18
-89.7608503100089 -14.5
-47.457898957498 -17.25
-50.8703071672355 -20.5
-119.034334763948 -11.5
-67.8944174757281 -17.25
-50.0547263681592 -20.5
-106.301218161683 -11
-90.1968134957826 -13.5
-89.3081761006289 -16.5
-86.446511627907 -16
-48.2571075401731 -31.5
-114.444444444444 -2.25
-107.890792291221 -16.75
-16.3497942386831 -22.75
-68.784140969163 -19
-132.096774193548 -9
-124.370709382151 -6.75
-22.4028889322663 -19.75
-34.2960893854749 -21.25
-72.5053229240596 -15.5
-97.0964912280702 -12.5
-112.025862068966 -11.5
-55.7401812688822 -17.5
-50.0114155251142 -18
-21.5408805031447 -21.25
-24.2659145850121 -18.5
-42.2745548535325 -18.75
-60.4748338081671 -16.75
-77.9153094462541 -16.75
-56.9230769230769 -20.5
-121.539313399779 -7
-10.476262473541 -17.5
-89.3237082066869 -13.75
-122.218683651805 -0.5
-47.1817058096415 -16.5
-45.6020066889632 -16.5
-15.5495932144712 -20
-24.7507842453817 -30.25
-87.6992481203008 -10.75
-102.98277425204 -12
-32.0349278663629 -18
-41.693657219973 -26
-127.904689863843 -1.75
-124.132553606238 -5.5
-101.820728291317 -12.75
-82.2273567467653 -14.25
-15.0867507886435 -17.5
-123.961038961039 -9.25
-123.756805807622 -7.5
-124.010152284264 -7.5
-125.313620071685 -0.5
-112.332268370607 -16.75
-143.444034440344 -7.25
-53.3707865168539 -17
-91.8621307072516 -14.75
-97.993288590604 -11.75
-70.14064697609 -24.5
-54.124613800206 -18
-26.5943842090631 -18.5
-71.0847701149425 -17
-114.315789473684 -11
-124.592952612394 -2.75
-32.2024729520866 -20
-84.6744345442084 -13.75
-123.270202020202 -11.25
-45.6752062527139 -28.75
-67.5284552845528 -16.5
-37.2231350640815 -23
-88.7468247248095 -16.25
-112.552552552553 -6.25
-111.402684563758 -3
-51.9774011299435 -16.75
-87.2422680412371 -13
-35.4942965779468 -17.5
-116.809338521401 -0.25
-94.945945945946 -14.75
-83.2345013477089 -16
-63.1147540983607 -22
-53.080229226361 -16.75
-84.109926168991 -16.75
-72.1343873517787 -16
-123.945267958951 -6.75
-81.4692787177204 -16.75
-121.110065851364 -8
-64.7896213183731 -18.25
-109.037900874636 -14.5
-77.7466863033873 -18.25
-124.721485411141 -0.5
-70.1412180052957 -17
-100.047214353163 -15.75
-80.0509461426492 -14
-82.9676511954993 -18
-88.8038698328936 -15
-111.109589041096 -2.5
-131.679819616685 -7.25
-98.4593023255814 -12
-130.587371512482 -11
-87.6341948310139 -13
-120.446685878963 -1
-116.883604505632 -10.25
-70.0812407680945 -16.5
-36.468085106383 -18
-70.3206562266965 -16.5
-20.3960690887433 -35
-112.547923322684 -1.25
-58.2394868139701 -20
-87.3163507109005 -16.75
-102.648083623693 -15.5
-89.990328820116 -13.75
-109.911504424779 -8
-107.988700564972 -11.75
-132.35838150289 -9
-97.3346116970278 -10
-72.1608040201005 -17.75
-68.5805991440799 -15
-104.100917431193 -17.5
-77.8286461739699 -17
-47.6201550387597 -25.25
-90.7553707553708 -13.25
-114.954648526077 -9
-123.501070663812 -6
-97.3727272727273 -11.25
-102.895256916996 -16.5
-86.854764107308 -15.5
-84.7186796699175 -15
-86.9852302345786 -14
-32.2100591715976 -18.5
-122.611717974181 -8.5
-93.8843813387424 -16
-42.5634517766497 -18.5
-114.610951008646 -10.75
-103.931623931624 -11.75
-75.8509737510584 -16.75
-92.8498467824311 -14.5
-62.1594289113623 -19.25
-106.624203821656 -12.5
-68.3437283437283 -19.75
-98.7746170678337 -16.75
-102.232905982906 -13.25
-60.5630630630631 -16.25
-101.696335078534 -12
-52.5700365408039 -18
-94.7778643803585 -16.25
-112.40192153723 -0.25
-87.0709570957096 -14.75
-82.6991441737985 -20
-63.6578449905482 -17.5
-33.7883531621791 -22.5
-88.122096881221 -10.75
-106.294227188082 -13
-56.4624676445211 -19
-67.5248281130634 -18
-72.5760135135135 -16.5
-78.3414161008729 -15.75
-102.412155745489 -16.25
-122.539682539683 -13
-81.528013582343 -22.75
-46.8236765318883 -19.25
-120.990443092963 -6.5
-34.534967555876 -17
-85.3439153439153 -14.5
-111.280432822362 -8
-126.169154228856 -10.75
-91.25 -14.25
-93.2401746724891 -16.25
-45.2719333068678 -16.5
-130.679851668727 -10.75
-121.277292576419 -10
-85.3538175046555 -11.5
-131.540740740741 -13
-121.988130563798 -7.5
-123.005050505051 -11.75
-110.663615560641 -11.75
-121.615289765721 -12
-125.051867219917 -8.5
-122.255489021956 -8.5
-131.447721179625 -12
-88.2559025133283 -13.5
-102.855711422846 -11.75
-102.924050632911 -13
-40.6748650269946 -20.5
-59.9674479166667 -19.75
-88.955223880597 -13.5
-124.835526315789 -1.25
-48.2776540460282 -17.25
-28.2049036777583 -29.5
-86.6808510638298 -11.25
-35.1347229283172 -17.75
-66.1764705882353 -17.25
-80.5998588567396 -14.5
-120.401459854015 -11.25
-92.2656826568266 -13.25
-98.1887755102041 -15.75
-108.613963039014 -15.25
-71.1380281690141 -15
-45.7608695652174 -23
-57.7903682719547 -17.75
-102.651036970243 -18
-118.492822966507 -7.75
-96.8805704099822 -12.75
-84.0957446808511 -16.25
-83.9148494288681 -17.5
-20.806 -22.75
-135 -9
-78.7585266030014 -21.25
-61.6053511705686 -16
-79.0118152524168 -17.25
-126.56103286385 -10.5
-99.8609625668449 -14.75
-96.4628820960699 -13
-65.3399014778325 -18
-69.8783783783784 -16.5
-75.0332326283988 -15
-98.4816247582205 -13
-74.6684118673648 -17
-97.8787878787879 -14.5
-92.4932249322493 -13.75
-117.710144927536 -8.5
-122.232451093211 -10.25
-91.0104861773117 -16
-79.6650326797386 -15.5
-51.9312714776632 -23
-112.153191489362 -9
-109.756637168142 -5.5
-58.8704318936877 -25.5
-118.191666666667 -13
-44.549795361528 -22
-23.0285564579513 -20.5
-119.830097087379 -11
-57.1316964285714 -18.25
-28.3475540386803 -17.25
-106.0481444333 -13
-117.287933094385 -9.75
-66.4569160997732 -19.75
-92.4170124481328 -17.25
-109.240265906933 -17.75
-53.4468283582089 -31.25
-94.5358401880141 -13.5
-113.690369036904 -8.25
-79.2091254752852 -15.25
-43.1604278074866 -19.75
-116.738882554162 -11
-88.9556650246305 -13.5
-133.414634146341 -7.75
-119.30126002291 -9.5
-106.175514626219 -14.5
-108.851931330472 -11.75
-85.710928319624 -13.75
-134.149184149184 -8
-155.089903181189 -4.5
-129.79525862069 -7
-51.7035175879397 -19.75
-147.953615279673 -9
-47.5147392290249 -17
-64.445768772348 -17.25
-111.644803229062 -11.25
-127.01646090535 -5.25
-116.281464530892 -7.75
-74.9084858569052 -13.5
-82.5179856115108 -14.75
-84.9146451033244 -12.25
-111.552941176471 -11
-16.6544655929722 -17.5
-97.3267326732673 -12
-44.4838212634823 -21.5
-113.301787592008 -6.5
-85.0244299674267 -11.25
-98.688352570829 -18
-116.392543859649 -11
-120.441001191895 -12
-102.713675213675 -17.25
-102.583518930958 -13.5
-76.1874105865522 -15
-53.3366683341671 -31.75
-110.626927029805 -7
-85.018281535649 -15
-117.694038245219 -0.75
-50.4266211604096 -18.75
-70.5135658914729 -19
-72.0851433536056 -16.5
-53.9232303090728 -19.75
-67.1953125 -17
-78.8525683789193 -13.75
-119.632738719832 -1.75
-72.3590633130963 -16.75
-58.860662047729 -18.25
-66.9921033740129 -17.75
-119.279538904899 -8.75
-86.934763181412 -15.25
-73.3333333333333 -11
-56.1064425770308 -16.5
-119.907834101382 -11.5
-17.7459231983167 -16.75
-85.4976744186047 -14
-120.384087791495 -11.75
-119.783913565426 -3.75
-45.3581500282008 -23.75
-109.364326375712 -5
-116.411543287327 -12.75
-60.6494960806271 -16
-63.125 -17.75
-129.366471734893 -14.75
-47.8550555230859 -19.75
-133.0749789385 -8.75
-101.516990291262 -13.25
-130.143027413588 -10.5
-98.3940972222222 -16.25
-40.0489168413697 -17.25
-110.451306413302 -6
-79.3530499075786 -15
-128.152380952381 -6.75
-88.9800210304942 -16.5
-123.246013667426 -11.5
-129.372146118721 -8.75
-118.654088050314 -11.75
-127.671068427371 -10.75
-101.379690949227 -13.25
-106.787807737397 -13.75
-116.153846153846 -12
-91.0360777058279 -13
-123.385744234801 -8.75
-115.869565217391 -9.75
-84.3360160965795 -14.25
-88.5135135135135 -16.25
-111.263269639066 -12.5
-101.079607415485 -12.75
-124.367509986684 -12.5
-107.46359223301 -15
-101.102620087336 -13.25
-121.462857142857 -10.75
-115.196078431373 -8.25
-124.795396419437 -11.75
-103.053140096618 -14.5
-115.632183908046 -11.5
-118.904282115869 -12.25
-28.650703154694 -25.25
-130.190839694656 -10
