 1.000000000000  0.001260000000
 0.982000000000  0.003726615280
 0.956800000000  0.007065726615
 0.935000000000  0.009932087292
 0.912600000000  0.012840838085
 0.890200000000  0.015629134370
 0.866200000000  0.018520693992
 0.846200000000  0.020890919089
 0.822200000000  0.023650122361
 0.799800000000  0.026201005503
 0.777400000000  0.028643360233
 0.759800000000  0.030515412534
 0.735000000000  0.033079412155
 0.716600000000  0.034932093160
 0.691000000000  0.037430535605
 0.671800000000  0.039250996260
 0.649400000000  0.041321980606
 0.626200000000  0.043317766662
 0.599000000000  0.045594084127
 0.575000000000  0.047473292950
 0.547000000000  0.049592236453
 0.519000000000  0.051583503618
 0.495000000000  0.053125283659
 0.471000000000  0.054537809357
 0.447000000000  0.055810842592
 0.423000000000  0.056932976732
 0.399000000000  0.057891420460
 0.375000000000  0.058671818788
 0.351000000000  0.059255641778
 0.331000000000  0.059645343591
 0.311000000000  0.059848114527
 0.295000000000  0.059919864721
 0.280600000000  0.059854163703
 0.270200000000  0.059739426156
 0.259800000000  0.059603293800
 0.251800000000  0.059421446613
 0.243800000000  0.059221771422
 0.238200000000  0.059050252901
 0.231000000000  0.058794161909
 0.223800000000  0.058520569353
 0.218200000000  0.058279147545
 0.212600000000  0.058022238816
 0.207000000000  0.057750167380
 0.203000000000  0.057533730984
 0.199000000000  0.057305503267
 0.195000000000  0.057065299294
 0.191000000000  0.056812892358
 0.187000000000  0.056548013983
 0.183000000000  0.056270178516
 0.179000000000  0.055978948545
 0.175000000000  0.055674071855
 0.171000000000  0.055355274184
 0.167000000000  0.055022243649
 0.163000000000  0.054674185637
 0.159000000000  0.054310719174
 0.155000000000  0.053931537889
 0.151000000000  0.053536323970
 0.147000000000  0.053124375351
 0.143000000000  0.052694917262
 0.139000000000  0.052247587172
 0.135000000000  0.051781990907
 0.131000000000  0.051297427710
 0.127000000000  0.050792721402
 0.123000000000  0.050267337532
 0.119000000000  0.049720713771
 0.115000000000  0.049151863331
 0.111000000000  0.048559250233
 0.107000000000  0.047942062091
 0.103000000000  0.047299512693
 0.099000000000  0.046630073450
 0.095000000000  0.045932012004
 0.091000000000  0.045204233447
 0.087000000000  0.044445279481
 0.083000000000  0.043652695632
 0.079000000000  0.042824411139
 0.075000000000  0.041958470631
 0.071000000000  0.041051785780
 0.067000000000  0.040100989451
 0.063000000000  0.039102999315
 0.059000000000  0.038053455473
 0.055000000000  0.036947223094
 0.051000000000  0.035778840108
 0.047000000000  0.034541098392
 0.043000000000  0.033225222954
 0.039000000000  0.031820511584
 0.035000000000  0.030312950307
 0.031000000000  0.028684145486
 0.027400000000  0.027127182299
 0.024200000000  0.025649902963
 0.021400000000  0.024261516140
 0.019000000000  0.022972676466
 0.017000000000  0.021797407003
 0.015000000000  0.020535751390
 0.013000000000  0.019166874680
 0.011000000000  0.017663643981
 0.009000000000  0.015977623125
 0.007000000000  0.014023554904
 0.005000000000  0.011553539633
 0.003200000000  0.008313783767
 0.002000000000  0.004345337692
 0.001600000000 -0.000000000000
 0.002000000000 -0.004345337692
 0.003200000000 -0.008313783767
 0.005000000000 -0.011553539633
 0.007000000000 -0.014023554904
 0.009000000000 -0.015977623125
 0.011000000000 -0.017663643981
 0.013000000000 -0.019166874680
 0.015000000000 -0.020535751390
 0.017000000000 -0.021797407003
 0.019000000000 -0.022972676466
 0.021400000000 -0.024261516140
 0.024200000000 -0.025649902963
 0.027400000000 -0.027127182299
 0.031000000000 -0.028684145486
 0.035000000000 -0.030312950307
 0.039000000000 -0.031820511584
 0.043000000000 -0.033225222954
 0.047000000000 -0.034541098392
 0.051000000000 -0.035778840108
 0.055000000000 -0.036947223094
 0.059000000000 -0.038053455473
 0.063000000000 -0.039102999315
 0.067000000000 -0.040100989451
 0.071000000000 -0.041051785780
 0.075000000000 -0.041958470631
 0.079000000000 -0.042824411139
 0.083000000000 -0.043652695632
 0.087000000000 -0.044445279481
 0.091000000000 -0.045204233447
 0.095000000000 -0.045932012004
 0.099000000000 -0.046630073450
 0.103000000000 -0.047299512693
 0.107000000000 -0.047942062091
 0.111000000000 -0.048559250233
 0.115000000000 -0.049151863331
 0.119000000000 -0.049720713771
 0.123000000000 -0.050267337532
 0.127000000000 -0.050792721402
 0.131000000000 -0.051297427710
 0.135000000000 -0.051781990907
 0.139000000000 -0.052247587172
 0.143000000000 -0.052694917262
 0.147000000000 -0.053124375351
 0.151000000000 -0.053536323970
 0.155000000000 -0.053931537889
 0.159000000000 -0.054310719174
 0.163000000000 -0.054674185637
 0.167000000000 -0.055022243649
 0.171000000000 -0.055355274184
 0.175000000000 -0.055674071855
 0.179000000000 -0.055978948545
 0.183000000000 -0.056270178516
 0.187000000000 -0.056548013983
 0.191000000000 -0.056812892358
 0.195000000000 -0.057065299294
 0.199000000000 -0.057305503267
 0.203000000000 -0.057533730984
 0.207000000000 -0.057750167380
 0.211800000000 -0.057989611348
 0.216600000000 -0.058216045085
 0.221400000000 -0.058429434359
 0.226200000000 -0.058629706065
 0.232600000000 -0.058864768985
 0.238200000000 -0.059050252901
 0.243800000000 -0.059221771422
 0.251800000000 -0.059421446613
 0.259800000000 -0.059603293800
 0.270200000000 -0.059739426156
 0.280600000000 -0.059854163703
 0.295000000000 -0.059919864721
 0.311000000000 -0.059848114527
 0.331000000000 -0.059645343591
 0.351000000000 -0.059255641778
 0.375000000000 -0.058671818788
 0.399000000000 -0.057891420460
 0.423000000000 -0.056932976732
 0.447000000000 -0.055810842592
 0.471000000000 -0.054537809357
 0.495000000000 -0.053125283659
 0.519000000000 -0.051583503618
 0.547000000000 -0.049592236453
 0.575000000000 -0.047473292950
 0.599000000000 -0.045594084127
 0.626200000000 -0.043317766662
 0.649400000000 -0.041321980606
 0.671800000000 -0.039250996260
 0.691000000000 -0.037430535605
 0.716600000000 -0.034932093160
 0.735000000000 -0.033079412155
 0.759800000000 -0.030515412534
 0.777400000000 -0.028643360233
 0.799800000000 -0.026201005503
 0.822200000000 -0.023650122361
 0.846200000000 -0.020890919089
 0.866200000000 -0.018520693992
 0.890200000000 -0.015629134370
 0.912600000000 -0.012840838085
 0.935000000000 -0.009932087292
 0.956800000000 -0.007065726615
 0.982000000000 -0.003726615280
 1.000000000000 -0.001260000000
