 1.000000000000  0.000946843895
 0.983666666667  0.006516657288
 0.976800000000  0.006605857520
 0.968200000000  0.007156172729
 0.961300000000  0.005072075826
 0.954200000000  0.002838482094
 0.945400000000  0.000104615451
 0.936200000000 -0.002731648120
 0.923100000000 -0.006557696847
 0.912100000000 -0.009686491086
 0.901100000000 -0.012798502018
 0.888700000000 -0.016260795413
 0.876300000000 -0.019711583436
 0.868700000000 -0.021848645538
 0.861100000000 -0.023993040477
 0.844700000000 -0.028208130330
 0.831100000000 -0.031420524910
 0.817500000000 -0.034541051332
 0.803900000000 -0.037581439059
 0.790300000000 -0.040551999162
 0.785500000000 -0.041388002070
 0.781500000000 -0.042163158379
 0.777500000000 -0.043017750101
 0.773500000000 -0.043943270893
 0.769500000000 -0.044932710767
 0.765500000000 -0.045977712913
 0.761500000000 -0.047065496580
 0.757500000000 -0.048184026249
 0.753500000000 -0.049332748334
 0.749500000000 -0.050521665559
 0.745500000000 -0.051766648550
 0.741500000000 -0.053077203877
 0.737500000000 -0.054461429434
 0.733500000000 -0.055924856638
 0.729500000000 -0.057461629676
 0.725500000000 -0.059059251551
 0.721500000000 -0.060721057894
 0.717500000000 -0.062453991466
 0.713900000000 -0.064059900029
 0.704400000000 -0.068316426155
 0.690000000000 -0.074489096898
 0.675600000000 -0.080617077183
 0.661200000000 -0.086681155640
 0.646400000000 -0.092869170980
 0.637500000000 -0.096399502050
 0.633500000000 -0.098005975794
 0.629500000000 -0.099636201810
 0.625200000000 -0.101419080749
 0.615700000000 -0.105245508010
 0.606200000000 -0.109051616959
 0.596700000000 -0.112837856792
 0.587200000000 -0.116610290554
 0.578000000000 -0.120248266313
 0.574000000000 -0.121864227715
 0.570000000000 -0.123518338482
 0.563700000000 -0.126193191171
 0.557400000000 -0.128890451387
 0.551100000000 -0.131607253499
 0.545200000000 -0.134163318279
 0.533900000000 -0.139043719590
 0.523300000000 -0.143553385782
 0.512700000000 -0.148041483380
 0.502100000000 -0.152507162610
 0.491100000000 -0.157130703571
 0.480300000000 -0.161568781335
 0.465500000000 -0.167368295389
 0.445100000000 -0.174652799130
 0.424700000000 -0.181801707078
 0.395500000000 -0.190308900817
 0.365900000000 -0.196541408177
 0.338300000000 -0.200119947111
 0.316300000000 -0.201804302045
 0.294300000000 -0.203215233727
 0.281100000000 -0.202864216732
 0.273500000000 -0.202255833740
 0.268800000000 -0.201892244347
 0.264100000000 -0.201567063659
 0.259400000000 -0.201284176161
 0.254700000000 -0.201045795905
 0.250000000000 -0.200849505538
 0.246000000000 -0.200740844146
 0.234300000000 -0.200187492893
 0.222600000000 -0.199536373646
 0.210900000000 -0.198768250527
 0.193600000000 -0.195961407174
 0.176500000000 -0.192889006669
 0.164300000000 -0.188518807071
 0.148500000000 -0.181613908204
 0.133100000000 -0.174563387899
 0.120900000000 -0.167045741325
 0.102900000000 -0.153454569888
 0.085700000000 -0.138475454980
 0.072500000000 -0.125696137457
 0.058900000000 -0.112274102606
 0.043400000000 -0.092914900247
 0.033100000000 -0.076986415466
 0.023800000000 -0.056489684691
 0.014600000000 -0.030216355274
 0.006500000000 -0.001316193307
 0.005100000000  0.026965334247
 0.005100000000  0.053008313795
 0.009100000000  0.077256640518
 0.015800000000  0.100204950097
 0.025400000000  0.124753604981
 0.033800000000  0.142039378055
 0.045600000000  0.163037545328
 0.059600000000  0.182059547830
 0.075200000000  0.199099610936
 0.091600000000  0.213174933138
 0.112400000000  0.228544544089
 0.130400000000  0.239775546894
 0.150400000000  0.248441003076
 0.167200000000  0.254274988588
 0.180800000000  0.258055157979
 0.194000000000  0.260637845925
 0.212000000000  0.263535227716
 0.224400000000  0.265075976036
 0.236400000000  0.266512347691
 0.251900000000  0.268010040431
 0.263800000000  0.268864921214
 0.270900000000  0.269193418115
 0.279800000000  0.269546917702
 0.289100000000  0.269891628475
 0.294900000000  0.270065494986
 0.300700000000  0.270251290663
 0.306100000000  0.270428991444
 0.314600000000  0.270725626934
 0.328800000000  0.270939527888
 0.343000000000  0.271067181687
 0.357200000000  0.271109695021
 0.371800000000  0.271091093364
 0.381500000000  0.270841060981
 0.390300000000  0.270116812741
 0.398800000000  0.269382755905
 0.411300000000  0.267838585451
 0.430000000000  0.264531072808
 0.448400000000  0.261109561175
 0.466400000000  0.256607567930
 0.485300000000  0.251728070033
 0.504300000000  0.246087024136
 0.516700000000  0.242113416487
 0.535800000000  0.235693736832
 0.556200000000  0.228150748860
 0.576000000000  0.220699852223
 0.596400000000  0.212364723829
 0.617200000000  0.203798349610
 0.634100000000  0.196300776015
 0.645300000000  0.191173454063
 0.657300000000  0.185659914845
 0.664600000000  0.182282638232
 0.671900000000  0.178907164844
 0.676700000000  0.176697528274
 0.681500000000  0.174500277617
 0.685500000000  0.172688413119
 0.689500000000  0.170894525624
 0.693500000000  0.169119821438
 0.697500000000  0.167363861942
 0.701500000000  0.165627570750
 0.705500000000  0.163909312668
 0.709500000000  0.162210570300
 0.713500000000  0.160534089811
 0.717500000000  0.158883097981
 0.727500000000  0.154831054150
 0.737500000000  0.150776152337
 0.747500000000  0.146715004746
 0.757500000000  0.142647311673
 0.767500000000  0.138577487373
 0.771500000000  0.136940767047
 0.775500000000  0.135348613000
 0.779500000000  0.133812177289
 0.783500000000  0.132341414888
 0.787500000000  0.130944401750
 0.791500000000  0.129618622405
 0.795500000000  0.128356373779
 0.801100000000  0.126678451277
 0.812000000000  0.123209987651
 0.822900000000  0.119689028554
 0.833800000000  0.116110086134
 0.844700000000  0.112473416438
 0.859200000000  0.106999684329
 0.868800000000  0.102932162476
 0.878000000000  0.098944176346
 0.889600000000  0.093418279168
 0.900800000000  0.087944104893
 0.909200000000  0.082949826743
 0.917000000000  0.078197357485
 0.924800000000  0.073396487830
 0.929800000000  0.070166159834
 0.934800000000  0.066914865231
 0.937000000000  0.065459334659
 0.943400000000  0.060740491747
 0.949800000000  0.055954969191
 0.956200000000  0.051101571241
 0.962600000000  0.046180251355
 0.969000000000  0.041192237351
 0.971000000000  0.039558554558
 0.973000000000  0.037963963005
 0.977800000000  0.033593938258
 0.982500000000  0.029408072661
 0.987900000000  0.025572380012
 0.995833333333  0.018891232541
 1.000000000000  0.018735064864
