 1.000000000000  0.001300000000
 0.995000000000  0.002339823701
 0.990000000000  0.003373755492
 0.985000000000  0.004401465282
 0.980000000000  0.005422699169
 0.975000000000  0.006437203248
 0.970000000000  0.007444723619
 0.965000000000  0.008445006377
 0.960000000000  0.009437797622
 0.955000000000  0.010422843449
 0.950000000000  0.011399931966
 0.945000000000  0.012371748604
 0.940000000000  0.013340232194
 0.935000000000  0.014304010159
 0.930000000000  0.015261666878
 0.925000000000  0.016211786730
 0.920000000000  0.017152954095
 0.915000000000  0.018083753350
 0.910000000000  0.019002768877
 0.905000000000  0.019908585053
 0.900000000000  0.020799873904
 0.895000000000  0.021681870711
 0.890000000000  0.022560538837
 0.885000000000  0.023435682210
 0.880000000000  0.024307018119
 0.875000000000  0.025174263852
 0.870000000000  0.026037136698
 0.865000000000  0.026895353946
 0.860000000000  0.027748632885
 0.855000000000  0.028596690804
 0.850000000000  0.029439244991
 0.845000000000  0.030276012735
 0.840000000000  0.031106711325
 0.835000000000  0.031931058049
 0.830000000000  0.032748770198
 0.825000000000  0.033559565058
 0.820000000000  0.034363159920
 0.815000000000  0.035159272071
 0.810000000000  0.035947618801
 0.805000000000  0.036727917399
 0.800000000000  0.037499920103
 0.795000000000  0.038265930162
 0.790000000000  0.039028249328
 0.785000000000  0.039786627509
 0.780000000000  0.040540779661
 0.775000000000  0.041290420743
 0.770000000000  0.042035265709
 0.765000000000  0.042775029519
 0.760000000000  0.043509427127
 0.755000000000  0.044238173492
 0.750000000000  0.044960983569
 0.745000000000  0.045677572315
 0.740000000000  0.046387654689
 0.735000000000  0.047090945645
 0.730000000000  0.047787160142
 0.725000000000  0.048476013135
 0.720000000000  0.049157219582
 0.715000000000  0.049830494440
 0.710000000000  0.050495552665
 0.705000000000  0.051152109214
 0.700000000000  0.051799928280
 0.695000000000  0.052442329885
 0.690000000000  0.053082464418
 0.685000000000  0.053719832366
 0.680000000000  0.054353884740
 0.675000000000  0.054984072555
 0.670000000000  0.055609846822
 0.665000000000  0.056230658555
 0.660000000000  0.056845958766
 0.655000000000  0.057455198470
 0.650000000000  0.058057828677
 0.645000000000  0.058653300403
 0.640000000000  0.059241064658
 0.635000000000  0.059820572457
 0.630000000000  0.060391274813
 0.625000000000  0.060952622738
 0.620000000000  0.061504067245
 0.615000000000  0.062045059348
 0.610000000000  0.062575050058
 0.605000000000  0.063093490389
 0.600000000000  0.063599902106
 0.595000000000  0.064098964817
 0.590000000000  0.064595327365
 0.585000000000  0.065088463688
 0.580000000000  0.065577776927
 0.575000000000  0.066062670225
 0.570000000000  0.066542546726
 0.565000000000  0.067016809570
 0.560000000000  0.067484861901
 0.555000000000  0.067946106862
 0.550000000000  0.068399947595
 0.545000000000  0.068845787242
 0.540000000000  0.069283028946
 0.535000000000  0.069711075849
 0.530000000000  0.070129331095
 0.525000000000  0.070537197825
 0.520000000000  0.070934079183
 0.515000000000  0.071319378311
 0.510000000000  0.071692498351
 0.505000000000  0.072052842446
 0.500000000000  0.072399923746
 0.495000000000  0.072741185270
 0.490000000000  0.073083625818
 0.485000000000  0.073426067947
 0.480000000000  0.073767223592
 0.475000000000  0.074105804688
 0.470000000000  0.074440523170
 0.465000000000  0.074770090972
 0.460000000000  0.075093220030
 0.455000000000  0.075408622277
 0.450000000000  0.075715009650
 0.445000000000  0.076011094082
 0.440000000000  0.076295587508
 0.435000000000  0.076567201863
 0.430000000000  0.076824649083
 0.425000000000  0.077066641100
 0.420000000000  0.077291889852
 0.415000000000  0.077499107271
 0.410000000000  0.077687005293
 0.405000000000  0.077854295853
 0.400000000000  0.077999793789
 0.395000000000  0.078129979036
 0.390000000000  0.078252006480
 0.385000000000  0.078365740267
 0.380000000000  0.078470942571
 0.375000000000  0.078567375567
 0.370000000000  0.078654801430
 0.365000000000  0.078732982335
 0.360000000000  0.078801680456
 0.355000000000  0.078860657967
 0.350000000000  0.078909677044
 0.345000000000  0.078948499861
 0.340000000000  0.078976888593
 0.335000000000  0.078994605414
 0.330000000000  0.079001412500
 0.325000000000  0.078997072024
 0.320000000000  0.078981346161
 0.315000000000  0.078953997087
 0.310000000000  0.078914786976
 0.305000000000  0.078863478002
 0.300000000000  0.078799625613
 0.295000000000  0.078708424042
 0.290000000000  0.078578284973
 0.285000000000  0.078413765813
 0.280000000000  0.078219635148
 0.275000000000  0.078000661560
 0.270000000000  0.077761613635
 0.265000000000  0.077507259957
 0.260000000000  0.077242369110
 0.255000000000  0.076971709679
 0.250000000000  0.076699751715
 0.245000000000  0.076409049331
 0.240000000000  0.076081614192
 0.235000000000  0.075721073046
 0.230000000000  0.075331350419
 0.225000000000  0.074916370842
 0.220000000000  0.074480058844
 0.215000000000  0.074026338952
 0.210000000000  0.073559135695
 0.205000000000  0.073082373603
 0.200000000000  0.072599693494
 0.195000000000  0.072093935124
 0.190000000000  0.071547540029
 0.185000000000  0.070963529947
 0.180000000000  0.070345209774
 0.175000000000  0.069695884406
 0.170000000000  0.069018858738
 0.165000000000  0.068317437667
 0.160000000000  0.067594926088
 0.155000000000  0.066854628897
 0.150000000000  0.066099527417
 0.145000000000  0.065309200336
 0.140000000000  0.064464187864
 0.135000000000  0.063568966141
 0.130000000000  0.062628336210
 0.125000000000  0.061647099115
 0.120000000000  0.060630055897
 0.115000000000  0.059582007599
 0.110000000000  0.058507755264
 0.105000000000  0.057412099935
 0.100000000000  0.056299067179
 0.095000000000  0.055118963750
 0.090000000000  0.053834840980
 0.085000000000  0.052470537586
 0.080000000000  0.051050685385
 0.075000000000  0.049599398189
 0.070000000000  0.048099537678
 0.065000000000  0.046518811333
 0.060000000000  0.044857773729
 0.055000000000  0.043117476492
 0.050000000000  0.041297794227
 0.045000000000  0.039320229016
 0.040000000000  0.037139567409
 0.035000000000  0.034807429165
 0.030000000000  0.032376657099
 0.025000000000  0.029895963409
 0.020000000000  0.027087149399
 0.015000000000  0.023560145304
 0.010000000000  0.018642838239
 0.005000000000  0.010235361453
 0.000000000000 -0.002055106666
 0.004000000000 -0.011096802709
 0.009000000000 -0.014411326646
 0.014000000000 -0.017339969486
 0.019000000000 -0.020035561890
 0.024000000000 -0.022313321441
 0.029000000000 -0.024110890416
 0.034000000000 -0.025777794953
 0.039000000000 -0.027312147879
 0.044000000000 -0.028688790215
 0.049000000000 -0.029882562981
 0.054000000000 -0.030930010760
 0.059000000000 -0.031926646297
 0.064000000000 -0.032859927389
 0.069000000000 -0.033711230360
 0.074000000000 -0.034461931530
 0.079000000000 -0.035131888210
 0.084000000000 -0.035776527480
 0.089000000000 -0.036382832009
 0.094000000000 -0.036933960609
 0.099000000000 -0.037413072094
 0.104000000000 -0.037837209608
 0.109000000000 -0.038259571444
 0.114000000000 -0.038677325638
 0.119000000000 -0.039084398227
 0.124000000000 -0.039474715247
 0.129000000000 -0.039842202735
 0.134000000000 -0.040180786726
 0.139000000000 -0.040484393258
 0.144000000000 -0.040746948367
 0.149000000000 -0.040962378089
 0.154000000000 -0.041143541135
 0.159000000000 -0.041321721583
 0.164000000000 -0.041495339782
 0.169000000000 -0.041660958675
 0.174000000000 -0.041815141206
 0.179000000000 -0.041954450318
 0.184000000000 -0.042075448958
 0.189000000000 -0.042174700066
 0.194000000000 -0.042248766588
 0.199000000000 -0.042294211468
 0.204000000000 -0.042317373493
 0.209000000000 -0.042334798871
 0.214000000000 -0.042346672717
 0.219000000000 -0.042352239023
 0.224000000000 -0.042350741782
 0.229000000000 -0.042341424986
 0.234000000000 -0.042323532628
 0.239000000000 -0.042296308699
 0.244000000000 -0.042258997192
 0.249000000000 -0.042210842100
 0.254000000000 -0.042150775733
 0.259000000000 -0.042078560799
 0.264000000000 -0.041995494982
 0.269000000000 -0.041902935883
 0.274000000000 -0.041802241099
 0.279000000000 -0.041694768228
 0.284000000000 -0.041581874870
 0.289000000000 -0.041464918622
 0.294000000000 -0.041345257084
 0.299000000000 -0.041224247853
 0.304000000000 -0.041101326596
 0.309000000000 -0.040973585831
 0.314000000000 -0.040841039767
 0.319000000000 -0.040703878935
 0.324000000000 -0.040562293866
 0.329000000000 -0.040416475090
 0.334000000000 -0.040266613139
 0.339000000000 -0.040112898543
 0.344000000000 -0.039955521833
 0.349000000000 -0.039794673541
 0.354000000000 -0.039630544196
 0.359000000000 -0.039463324330
 0.364000000000 -0.039293204473
 0.369000000000 -0.039120375157
 0.374000000000 -0.038945026912
 0.379000000000 -0.038767350269
 0.384000000000 -0.038587535760
 0.389000000000 -0.038405773914
 0.394000000000 -0.038222255262
 0.399000000000 -0.038037170336
 0.404000000000 -0.037849139242
 0.409000000000 -0.037655400554
 0.414000000000 -0.037456047538
 0.419000000000 -0.037251331323
 0.424000000000 -0.037041503043
 0.429000000000 -0.036826813827
 0.434000000000 -0.036607514808
 0.439000000000 -0.036383857115
 0.444000000000 -0.036156091881
 0.449000000000 -0.035924470238
 0.454000000000 -0.035689243314
 0.459000000000 -0.035450662243
 0.464000000000 -0.035208978156
 0.469000000000 -0.034964442183
 0.474000000000 -0.034717305456
 0.479000000000 -0.034467819106
 0.484000000000 -0.034216234264
 0.489000000000 -0.033962802062
 0.494000000000 -0.033707773631
 0.499000000000 -0.033451400102
 0.504000000000 -0.033192432099
 0.509000000000 -0.032928318324
 0.514000000000 -0.032659250942
 0.519000000000 -0.032385573422
 0.524000000000 -0.032107629236
 0.529000000000 -0.031825761854
 0.534000000000 -0.031540314746
 0.539000000000 -0.031251631383
 0.544000000000 -0.030960055235
 0.549000000000 -0.030665929773
 0.554000000000 -0.030369598467
 0.559000000000 -0.030071404788
 0.564000000000 -0.029771692206
 0.569000000000 -0.029470804191
 0.574000000000 -0.029169084216
 0.579000000000 -0.028866875748
 0.584000000000 -0.028564522260
 0.589000000000 -0.028262367221
 0.594000000000 -0.027960754102
 0.599000000000 -0.027660026374
 0.604000000000 -0.027359557019
 0.609000000000 -0.027057706848
 0.614000000000 -0.026754461922
 0.619000000000 -0.026449901764
 0.624000000000 -0.026144105893
 0.629000000000 -0.025837153831
 0.634000000000 -0.025529125100
 0.639000000000 -0.025220099218
 0.644000000000 -0.024910155709
 0.649000000000 -0.024599374093
 0.654000000000 -0.024287833890
 0.659000000000 -0.023975614623
 0.664000000000 -0.023662795811
 0.669000000000 -0.023349456976
 0.674000000000 -0.023035677639
 0.679000000000 -0.022721537321
 0.684000000000 -0.022407115543
 0.689000000000 -0.022092491825
 0.694000000000 -0.021777745689
 0.699000000000 -0.021462956657
 0.704000000000 -0.021148150107
 0.709000000000 -0.020833225023
 0.714000000000 -0.020518109742
 0.719000000000 -0.020202736004
 0.724000000000 -0.019887035553
 0.729000000000 -0.019570940128
 0.734000000000 -0.019254381473
 0.739000000000 -0.018937291329
 0.744000000000 -0.018619601437
 0.749000000000 -0.018301243540
 0.754000000000 -0.017982149378
 0.759000000000 -0.017662250694
 0.764000000000 -0.017341479229
 0.769000000000 -0.017019766725
 0.774000000000 -0.016697044923
 0.779000000000 -0.016373245565
 0.784000000000 -0.016048300394
 0.789000000000 -0.015722141149
 0.794000000000 -0.015394699574
 0.799000000000 -0.015065907410
 0.804000000000 -0.014735513472
 0.809000000000 -0.014403218434
 0.814000000000 -0.014069154374
 0.819000000000 -0.013733474675
 0.824000000000 -0.013396332719
 0.829000000000 -0.013057881893
 0.834000000000 -0.012718275577
 0.839000000000 -0.012377667156
 0.844000000000 -0.012036210013
 0.849000000000 -0.011694057532
 0.854000000000 -0.011351363096
 0.859000000000 -0.011008280088
 0.864000000000 -0.010664961893
 0.869000000000 -0.010321561893
 0.874000000000 -0.009978233472
 0.879000000000 -0.009635130013
 0.884000000000 -0.009292404900
 0.889000000000 -0.008950211517
 0.894000000000 -0.008608703246
 0.899000000000 -0.008268033472
 0.904000000000 -0.007928293734
 0.909000000000 -0.007589287209
 0.914000000000 -0.007250724373
 0.919000000000 -0.006912315862
 0.924000000000 -0.006573772316
 0.929000000000 -0.006234804373
 0.934000000000 -0.005895122670
 0.939000000000 -0.005554437848
 0.944000000000 -0.005212460543
 0.949000000000 -0.004868901394
 0.954000000000 -0.004523777548
 0.959000000000 -0.004177544010
 0.964000000000 -0.003830246096
 0.969000000000 -0.003481902663
 0.974000000000 -0.003132532570
 0.979000000000 -0.002782154673
 0.984000000000 -0.002430787830
 0.989000000000 -0.002078450900
 0.994000000000 -0.001725162738
 0.999000000000 -0.001370942203
